0.000000e+00
0.000000e+00
0.000000e+00
0.000000e+00
0.000000e+00
0.000000e+00
0.000000e+00
0.000000e+00
0.000000e+00
0.000000e+00
0.000000e+00
0.000000e+00
0.000000e+00
0.000000e+00
0.000000e+00
0.000000e+00
0.000000e+00
0.000000e+00
0.000000e+00
0.000000e+00
0.000000e+00
0.000000e+00
2.180803e-38
9.397068e-37
2.066490e-35
3.091141e-34
3.537070e-33
3.301267e-32
2.617009e-31
1.811762e-30
1.117831e-29
6.242026e-29
3.193036e-28
1.510910e-27
6.666538e-27
2.761123e-26
1.079556e-25
4.003844e-25
1.414478e-24
4.777328e-24
1.547519e-23
4.821481e-23
1.448492e-22
4.205571e-22
1.182473e-21
3.225626e-21
8.551030e-21
2.206302e-20
5.548267e-20
1.361599e-19
3.264748e-19
7.656461e-19
1.757998e-18
3.955693e-18
8.729997e-18
1.891212e-17
4.024621e-17
8.419200e-17
1.732450e-16
3.508810e-16
6.998699e-16
1.375520e-15
2.665194e-15
5.093434e-15
9.605238e-15
1.788159e-14
3.287607e-14
5.971653e-14
1.072031e-13
1.902686e-13
3.339758e-13
5.799432e-13
9.965663e-13
1.695113e-12
2.854821e-12
4.761646e-12
7.867534e-12
1.288024e-11
2.089821e-11
3.361135e-11
5.359718e-11
8.475419e-11
1.329303e-10
2.068270e-10
3.192895e-10
4.891330e-10
7.437069e-10
1.122469e-09
1.681925e-09
2.502413e-09
3.697333e-09
5.425635e-09
7.908574e-09
1.145202e-08
1.647600e-08
2.355342e-08
3.346061e-08
4.724273e-08
6.629783e-08
9.248408e-08
1.282557e-07
1.768339e-07
2.424204e-07
3.304625e-07
4.479787e-07
6.039576e-07
8.098412e-07
1.080107e-06
1.432964e-06
1.891178e-06
2.483038e-06
3.243496e-06
4.215468e-06
5.451337e-06
7.014662e-06
8.982090e-06
1.144549e-05
1.451431e-05
1.831811e-05
2.300933e-05
2.876616e-05
3.579556e-05
4.433628e-05
5.466193e-05
6.708386e-05
8.195384e-05
9.966631e-05
1.206602e-04
1.454200e-04
1.744757e-04
2.084022e-04
2.478166e-04
2.933744e-04
3.457639e-04
4.056983e-04
4.739057e-04
5.511165e-04
6.380482e-04
7.353874e-04
8.437692e-04
9.637535e-04
1.095799e-03
1.240232e-03
1.397221e-03
1.566736e-03
1.748519e-03
1.942047e-03
2.146498e-03
2.360712e-03
2.583162e-03
2.811921e-03
3.044635e-03
3.278499e-03
3.510243e-03
3.736117e-03
3.951892e-03
4.152859e-03
4.333851e-03
4.489261e-03
4.613074e-03
4.698914e-03
4.740096e-03
4.729683e-03
4.660558e-03
4.525502e-03
4.317273e-03
4.028694e-03
3.652742e-03
3.182636e-03
2.611922e-03
1.934561e-03
1.145008e-03
2.382734e-04
-7.900043e-04
-1.943516e-03
-3.225238e-03
-4.637412e-03
-6.181524e-03
-7.858308e-03
-9.667759e-03
-1.160915e-02
-1.368106e-02
-1.588144e-02
-1.820762e-02
-2.065638e-02
-2.322399e-02
-2.590627e-02
-2.869864e-02
-3.159613e-02
-3.459341e-02
-3.768486e-02
-4.086452e-02
-4.412613e-02
-4.746311e-02
-5.086854e-02
-5.433510e-02
-5.785510e-02
-6.142039e-02
-6.502233e-02
-6.865176e-02
-7.229895e-02
-7.595358e-02
-7.960472e-02
-8.324080e-02
-8.684964e-02
-9.041844e-02
-9.393385e-02
-9.738197e-02
-1.007484e-01
-1.040185e-01
-1.071770e-01
-1.102087e-01
-1.130981e-01
-1.158298e-01
-1.183883e-01
-1.207584e-01
-1.229250e-01
-1.248734e-01
-1.265891e-01
-1.280583e-01
-1.292675e-01
-1.302037e-01
-1.308544e-01
-1.312075e-01
-1.312518e-01
-1.309762e-01
-1.303701e-01
-1.294238e-01
-1.281276e-01
-1.264726e-01
-1.244504e-01
-1.220528e-01
-1.192726e-01
-1.161030e-01
-1.125378e-01
-1.085716e-01
-1.041998e-01
-9.941871e-02
-9.422554e-02
-8.861855e-02
-8.259713e-02
-7.616182e-02
-6.931442e-02
-6.205799e-02
-5.439691e-02
-4.633687e-02
-3.788492e-02
-2.904938e-02
-1.983989e-02
-1.026734e-02
-3.438144e-04
9.917446e-03
2.050209e-02
3.139472e-02
4.257892e-02
5.403734e-02
6.575169e-02
7.770278e-02
8.987056e-02
1.022341e-01
1.147716e-01
1.274604e-01
1.402769e-01
1.531968e-01
1.661947e-01
1.792445e-01
1.923190e-01
2.053906e-01
2.184303e-01
2.314088e-01
2.442959e-01
2.570607e-01
2.696721e-01
2.820981e-01
2.943067e-01
3.062655e-01
3.179421e-01
3.293041e-01
3.403191e-01
3.509550e-01
3.611799e-01
3.709624e-01
3.802715e-01
3.890767e-01
3.973481e-01
4.050565e-01
4.121731e-01
4.186700e-01
4.245200e-01
4.296967e-01
4.341743e-01
4.379281e-01
4.409343e-01
4.431699e-01
4.446132e-01
4.452434e-01
4.450412e-01
4.439885e-01
4.420687e-01
4.392666e-01
4.355689e-01
4.309639e-01
4.254416e-01
4.189940e-01
4.116150e-01
4.033006e-01
3.940488e-01
3.838593e-01
3.727344e-01
3.606779e-01
3.476960e-01
3.337967e-01
3.189901e-01
3.032882e-01
2.867050e-01
2.692564e-01
2.509603e-01
2.318365e-01
2.119066e-01
1.911944e-01
1.697254e-01
1.475273e-01
1.246296e-01
1.010638e-01
7.686335e-02
5.206371e-02
2.670221e-02
8.180651e-04
-2.554767e-02
-5.235220e-02
-7.955106e-02
-1.070982e-01
-1.349461e-01
-1.630458e-01
-1.913473e-01
-2.197992e-01
-2.483493e-01
-2.769443e-01
-3.055304e-01
-3.340527e-01
-3.624560e-01
-3.906846e-01
-4.186823e-01
-4.463925e-01
-4.737584e-01
-5.007231e-01
-5.272295e-01
-5.532205e-01
-5.786393e-01
-6.034289e-01
-6.275331e-01
-6.508956e-01
-6.734611e-01
-6.951747e-01
-7.159825e-01
-7.358316e-01
-7.546702e-01
-7.724477e-01
-7.891151e-01
-8.046249e-01
-8.189312e-01
-8.319901e-01
-8.437596e-01
-8.541996e-01
-8.632723e-01
-8.709421e-01
-8.771754e-01
-8.819414e-01
-8.852112e-01
-8.869588e-01
-8.871605e-01
-8.857951e-01
-8.828442e-01
-8.782921e-01
-8.721259e-01
-8.643354e-01
-8.549134e-01
-8.438557e-01
-8.311613e-01
-8.168322e-01
-8.008735e-01
-7.832937e-01
-7.641046e-01
-7.433211e-01
-7.209616e-01
-6.970478e-01
-6.716045e-01
-6.446600e-01
-6.162456e-01
-5.863960e-01
-5.551486e-01
-5.225442e-01
-4.886265e-01
-4.534419e-01
-4.170399e-01
-3.794724e-01
-3.407942e-01
-3.010628e-01
-2.603381e-01
-2.186825e-01
-1.761608e-01
-1.328401e-01
-8.878996e-02
-4.408183e-02
1.210638e-03
4.701184e-02
9.324438e-02
1.398291e-01
1.866854e-01
2.337313e-01
2.808833e-01
3.280573e-01
3.751681e-01
4.221296e-01
4.688555e-01
5.152592e-01
5.612535e-01
6.067517e-01
6.516669e-01
6.959129e-01
7.394035e-01
7.820534e-01
8.237782e-01
8.644941e-01
9.041186e-01
9.425702e-01
9.797689e-01
1.015636e+00
1.050095e+00
1.083071e+00
1.114490e+00
1.144281e+00
1.172377e+00
1.198711e+00
1.223219e+00
1.245842e+00
1.266521e+00
1.285202e+00
1.301834e+00
1.316370e+00
1.328764e+00
1.338978e+00
1.346973e+00
1.352717e+00
1.356181e+00
1.357339e+00
1.356170e+00
1.352657e+00
1.346787e+00
1.338550e+00
1.327943e+00
1.314964e+00
1.299617e+00
1.281911e+00
1.261857e+00
1.239471e+00
1.214776e+00
1.187797e+00
1.158563e+00
1.127109e+00
1.093473e+00
1.057699e+00
1.019833e+00
9.799277e-01
9.380377e-01
8.942230e-01
8.485472e-01
8.010775e-01
7.518851e-01
7.010444e-01
6.486337e-01
5.947343e-01
5.394307e-01
4.828104e-01
4.249642e-01
3.659851e-01
3.059692e-01
2.450149e-01
1.832230e-01
1.206964e-01
5.754031e-02
-6.138519e-03
-7.023144e-02
-1.346284e-01
-1.992179e-01
-2.638876e-01
-3.285241e-01
-3.930133e-01
-4.572409e-01
-5.210922e-01
-5.844525e-01
-6.472077e-01
-7.092437e-01
-7.704475e-01
-8.307067e-01
-8.899104e-01
-9.479485e-01
-1.004713e+00
-1.060097e+00
-1.113996e+00
-1.166307e+00
-1.216931e+00
-1.265768e+00
-1.312724e+00
-1.357706e+00
-1.400625e+00
-1.441394e+00
-1.479931e+00
-1.516155e+00
-1.549992e+00
-1.581369e+00
-1.610218e+00
-1.636477e+00
-1.660086e+00
-1.680990e+00
-1.699139e+00
-1.714489e+00
-1.726999e+00
-1.736633e+00
-1.743361e+00
-1.747157e+00
-1.748003e+00
-1.745881e+00
-1.740783e+00
-1.732704e+00
-1.721644e+00
-1.707610e+00
-1.690612e+00
-1.670666e+00
-1.647796e+00
-1.622027e+00
-1.593391e+00
-1.561928e+00
-1.527678e+00
-1.490690e+00
-1.451018e+00
-1.408719e+00
-1.363857e+00
-1.316499e+00
-1.266718e+00
-1.214592e+00
-1.160202e+00
-1.103635e+00
-1.044981e+00
-9.843342e-01
-9.217929e-01
-8.574590e-01
-7.914380e-01
-7.238384e-01
-6.547722e-01
-5.843541e-01
-5.127016e-01
-4.399347e-01
-3.661760e-01
-2.915501e-01
-2.161836e-01
-1.402048e-01
-6.374364e-02
1.306863e-02
9.009974e-02
1.672166e-01
2.442854e-01
3.211723e-01
3.977430e-01
4.738637e-01
5.494009e-01
6.242218e-01
6.981947e-01
7.711889e-01
8.430753e-01
9.137264e-01
9.830167e-01
1.050823e+00
1.117023e+00
1.181500e+00
1.244137e+00
1.304822e+00
1.363445e+00
1.419900e+00
1.474083e+00
1.525897e+00
1.575246e+00
1.622038e+00
1.666189e+00
1.707614e+00
1.746238e+00
1.781987e+00
1.814793e+00
1.844595e+00
1.871334e+00
1.894960e+00
1.915425e+00
1.932688e+00
1.946715e+00
1.957476e+00
1.964947e+00
1.969109e+00
1.969952e+00
1.967468e+00
1.961656e+00
1.952523e+00
1.940079e+00
1.924341e+00
1.905331e+00
1.883079e+00
1.857619e+00
1.828991e+00
1.797239e+00
1.762416e+00
1.724578e+00
1.683787e+00
1.640111e+00
1.593623e+00
1.544400e+00
1.492525e+00
1.438085e+00
1.381173e+00
1.321885e+00
1.260322e+00
1.196589e+00
1.130795e+00
1.063052e+00
9.934763e-01
9.221866e-01
8.493052e-01
7.749573e-01
6.992705e-01
6.223748e-01
5.444025e-01
4.654877e-01
3.857664e-01
3.053759e-01
2.244551e-01
1.431435e-01
6.158168e-02
-2.008956e-02
-1.017290e-01
-1.831955e-01
-2.643483e-01
-3.450470e-01
-4.251522e-01
-5.045257e-01
-5.830304e-01
-6.605308e-01
-7.368936e-01
-8.119873e-01
-8.856827e-01
-9.578533e-01
-1.028375e+00
-1.097128e+00
-1.163993e+00
-1.228857e+00
-1.291608e+00
-1.352140e+00
-1.410350e+00
-1.466139e+00
-1.519412e+00
-1.570078e+00
-1.618054e+00
-1.663257e+00
-1.705612e+00
-1.745048e+00
-1.781501e+00
-1.814909e+00
-1.845219e+00
-1.872382e+00
-1.896354e+00
-1.917097e+00
-1.934580e+00
-1.948777e+00
-1.959668e+00
-1.967238e+00
-1.971479e+00
-1.972388e+00
-1.969969e+00
-1.964230e+00
-1.955187e+00
-1.942861e+00
-1.927277e+00
-1.908467e+00
-1.886471e+00
-1.861330e+00
-1.833094e+00
-1.801817e+00
-1.767558e+00
-1.730383e+00
-1.690360e+00
-1.647565e+00
-1.602077e+00
-1.553981e+00
-1.503364e+00
-1.450320e+00
-1.394947e+00
-1.337344e+00
-1.277616e+00
-1.215872e+00
-1.152223e+00
-1.086783e+00
-1.019670e+00
-9.510038e-01
-8.809067e-01
-8.095032e-01
-7.369202e-01
-6.632860e-01
-5.887307e-01
-5.133853e-01
-4.373825e-01
-3.608554e-01
-2.839378e-01
-2.067639e-01
-1.294682e-01
-5.218466e-02
2.495282e-02
1.018111e-01
1.782580e-01
2.541623e-01
3.293943e-01
4.038260e-01
4.773310e-01
5.497852e-01
6.210666e-01
6.910560e-01
7.596366e-01
8.266945e-01
8.921191e-01
9.558029e-01
1.017642e+00
1.077535e+00
1.135387e+00
1.191103e+00
1.244596e+00
1.295781e+00
1.344579e+00
1.390912e+00
1.434711e+00
1.475909e+00
1.514446e+00
1.550264e+00
1.583313e+00
1.613547e+00
1.640925e+00
1.665411e+00
1.686975e+00
1.705592e+00
1.721243e+00
1.733914e+00
1.743595e+00
1.750283e+00
1.753981e+00
1.754694e+00
1.752436e+00
1.747224e+00
1.739081e+00
1.728034e+00
1.714116e+00
1.697366e+00
1.677824e+00
1.655540e+00
1.630565e+00
1.602956e+00
1.572774e+00
1.540084e+00
1.504956e+00
1.467463e+00
1.427685e+00
1.385700e+00
1.341595e+00
1.295457e+00
1.247378e+00
1.197452e+00
1.145775e+00
1.092449e+00
1.037573e+00
9.812537e-01
9.235959e-01
8.647078e-01
8.046991e-01
7.436806e-01
6.817646e-01
6.190641e-01
5.556931e-01
4.917662e-01
4.273981e-01
3.627039e-01
2.977987e-01
2.327970e-01
1.678131e-01
1.029606e-01
3.835183e-02
-2.590166e-02
-8.968982e-02
-1.529041e-01
-2.154378e-01
-2.771859e-01
-3.380458e-01
-3.979169e-01
-4.567012e-01
-5.143033e-01
-5.706304e-01
-6.255927e-01
-6.791035e-01
-7.310791e-01
-7.814392e-01
-8.301069e-01
-8.770089e-01
-9.220753e-01
-9.652404e-01
-1.006442e+00
-1.045622e+00
-1.082726e+00
-1.117705e+00
-1.150512e+00
-1.181107e+00
-1.209452e+00
-1.235515e+00
-1.259267e+00
-1.280684e+00
-1.299747e+00
-1.316441e+00
-1.330755e+00
-1.342683e+00
-1.352223e+00
-1.359377e+00
-1.364152e+00
-1.366559e+00
-1.366613e+00
-1.364333e+00
-1.359742e+00
-1.352869e+00
-1.343743e+00
-1.332400e+00
-1.318878e+00
-1.303221e+00
-1.285474e+00
-1.265687e+00
-1.243912e+00
-1.220206e+00
-1.194627e+00
-1.167238e+00
-1.138104e+00
-1.107291e+00
-1.074870e+00
-1.040913e+00
-1.005494e+00
-9.686905e-01
-9.305796e-01
-8.912414e-01
-8.507575e-01
-8.092104e-01
-7.666840e-01
-7.232633e-01
-6.790339e-01
-6.340825e-01
-5.884958e-01
-5.423614e-01
-4.957669e-01
-4.487997e-01
-4.015475e-01
-3.540975e-01
-3.065364e-01
-2.589503e-01
-2.114245e-01
-1.640435e-01
-1.168905e-01
-7.004746e-02
-2.359496e-02
2.238800e-02
6.782412e-02
1.126379e-01
1.567559e-01
2.001066e-01
2.426207e-01
2.842312e-01
3.248735e-01
3.644854e-01
4.030074e-01
4.403824e-01
4.765562e-01
5.114773e-01
5.450971e-01
5.773701e-01
6.082536e-01
6.377080e-01
6.656968e-01
6.921869e-01
7.171480e-01
7.405533e-01
7.623792e-01
7.826054e-01
8.012148e-01
8.181936e-01
8.335312e-01
8.472201e-01
8.592564e-01
8.696389e-01
8.783698e-01
8.854542e-01
8.909004e-01
8.947195e-01
8.969257e-01
8.975358e-01
8.965697e-01
8.940497e-01
8.900011e-01
8.844516e-01
8.774314e-01
8.689732e-01
8.591120e-01
8.478852e-01
8.353322e-01
8.214944e-01
8.064152e-01
7.901400e-01
7.727156e-01
7.541906e-01
7.346149e-01
7.140398e-01
6.925180e-01
6.701029e-01
6.468492e-01
6.228123e-01
5.980482e-01
5.726138e-01
5.465663e-01
5.199633e-01
4.928625e-01
4.653222e-01
4.374003e-01
4.091548e-01
3.806436e-01
3.519241e-01
3.230535e-01
2.940883e-01
2.650844e-01
2.360971e-01
2.071807e-01
1.783886e-01
1.497731e-01
1.213852e-01
9.327502e-02
6.549097e-02
3.808020e-02
1.108835e-02
-1.544052e-02
-4.146398e-02
-6.694127e-02
-9.183337e-02
-1.161030e-01
-1.397149e-01
-1.626354e-01
-1.848328e-01
-2.062776e-01
-2.269420e-01
-2.468002e-01
-2.658287e-01
-2.840058e-01
-3.013120e-01
-3.177299e-01
-3.332441e-01
-3.478414e-01
-3.615108e-01
-3.742433e-01
-3.860319e-01
-3.968719e-01
-4.067605e-01
-4.156969e-01
-4.236823e-01
-4.307200e-01
-4.368148e-01
-4.419738e-01
-4.462056e-01
-4.495206e-01
-4.519308e-01
-4.534501e-01
-4.540938e-01
-4.538786e-01
-4.528229e-01
-4.509464e-01
-4.482701e-01
-4.448165e-01
-4.406091e-01
-4.356726e-01
-4.300328e-01
-4.237166e-01
-4.167517e-01
-4.091668e-01
-4.009911e-01
-3.922548e-01
-3.829884e-01
-3.732232e-01
-3.629906e-01
-3.523227e-01
-3.412515e-01
-3.298094e-01
-3.180289e-01
-3.059425e-01
-2.935825e-01
-2.809813e-01
-2.681712e-01
-2.551840e-01
-2.420513e-01
-2.288045e-01
-2.154744e-01
-2.020915e-01
-1.886854e-01
-1.752856e-01
-1.619206e-01
-1.486182e-01
-1.354056e-01
-1.223091e-01
-1.093540e-01
-9.656481e-02
-8.396502e-02
-7.157711e-02
-5.942253e-02
-4.752162e-02
-3.589366e-02
-2.455677e-02
-1.352798e-02
-2.823145e-03
7.543023e-03
1.755697e-02
2.720630e-02
3.647977e-02
4.536732e-02
5.386004e-02
6.195015e-02
6.963108e-02
7.689736e-02
8.374470e-02
9.016993e-02
9.617100e-02
1.017470e-01
1.068981e-01
1.116255e-01
1.159315e-01
1.198194e-01
1.232935e-01
1.263590e-01
1.290221e-01
1.312897e-01
1.331697e-01
1.346706e-01
1.358018e-01
1.365732e-01
1.369954e-01
1.370797e-01
1.368378e-01
1.362819e-01
1.354247e-01
1.342794e-01
1.328595e-01
1.311788e-01
1.292515e-01
1.270920e-01
1.247149e-01
1.221349e-01
1.193671e-01
1.164264e-01
1.133277e-01
1.100861e-01
1.067166e-01
1.032338e-01
9.965247e-02
9.598700e-02
9.225156e-02
8.846004e-02
8.462598e-02
8.076260e-02
7.688271e-02
7.299873e-02
6.912263e-02
6.526594e-02
6.143973e-02
5.765457e-02
5.392055e-02
5.024722e-02
4.664361e-02
4.311823e-02
3.967900e-02
3.633328e-02
3.308784e-02
2.994887e-02
2.692192e-02
2.401196e-02
2.122332e-02
1.855970e-02
1.602421e-02
1.361932e-02
1.134691e-02
9.208259e-03
7.204080e-03
5.334526e-03
3.599217e-03
1.997260e-03
5.272745e-04
-8.125843e-04
-2.024602e-03
-3.111482e-03
-4.076322e-03
-4.922592e-03
-5.654115e-03
-6.275042e-03
-6.789835e-03
-7.203244e-03
-7.520284e-03
-7.746210e-03
-7.886496e-03
-7.946801e-03
-7.932945e-03
-7.850873e-03
-7.706624e-03
-7.506296e-03
-7.256006e-03
-6.961861e-03
-6.629915e-03
-6.266135e-03
-5.876370e-03
-5.466314e-03
-5.041482e-03
-4.607174e-03
-4.168457e-03
-3.730138e-03
-3.296745e-03
-2.872505e-03
-2.461332e-03
-2.066805e-03
-1.692157e-03
-1.340256e-03
-1.013597e-03
-7.142836e-04
-4.440176e-04
-2.040901e-04
4.628273e-06
1.816923e-04
3.270837e-04
4.412088e-04
5.248897e-04
5.793505e-04
6.061967e-04
6.073879e-04
5.852028e-04
5.421990e-04
4.811654e-04
4.050697e-04
3.170009e-04
2.201096e-04
1.175455e-04
1.239480e-05
-9.238081e-05
-1.940031e-04
-2.899314e-04
-3.779115e-04
-4.560175e-04
-5.226857e-04
-5.767402e-04
-6.174083e-04
-6.443272e-04
-6.575395e-04
-6.574797e-04
-6.449507e-04
-6.210911e-04
-5.873342e-04
-5.453590e-04
-4.970354e-04
-4.443637e-04
-3.894108e-04
-3.342444e-04
-2.808665e-04
-2.311500e-04
-1.867776e-04
-1.491880e-04
-1.195284e-04
-9.861846e-05
-8.692367e-05
-8.454271e-05
-9.120754e-05
-1.062976e-04
-1.288678e-04
-1.576894e-04
-1.913029e-04
-2.280805e-04
-2.662967e-04
-3.042026e-04
-3.401027e-04
-3.724286e-04
-3.998085e-04
-4.211272e-04
-4.355745e-04
-4.426803e-04
-4.423322e-04
-4.347774e-04
-4.206063e-04
-4.007198e-04
-3.762810e-04
-3.486541e-04
-3.193334e-04
-2.898662e-04
-2.617726e-04
-2.364686e-04
-2.151935e-04
-1.989482e-04
-1.884467e-04
-1.840820e-04
-1.859112e-04
-1.936574e-04
-2.067307e-04
-2.242651e-04
-2.451710e-04
-2.681989e-04
-2.920107e-04
-3.152561e-04
-3.366479e-04
-3.550325e-04
-3.694528e-04
-3.791985e-04
-3.838414e-04
-3.832547e-04
-3.776143e-04
-3.673834e-04
-3.532794e-04
-3.362283e-04
-3.173065e-04
-2.976751e-04
-2.785108e-04
-2.609359e-04
-2.459538e-04
-2.343917e-04
-2.268549e-04
-2.236953e-04
-2.249946e-04
-2.305650e-04
-2.399650e-04
-2.525307e-04
-2.674203e-04
-2.836676e-04
-3.002434e-04
-3.161189e-04
-3.303292e-04
-3.420305e-04
-3.505506e-04
-3.554274e-04
-3.564339e-04
-3.535887e-04
-3.471510e-04
-3.376006e-04
-3.256049e-04
-3.119740e-04
-2.976076e-04
-2.834372e-04
-2.703665e-04
-2.592144e-04
-2.506640e-04
-2.452208e-04
-2.431824e-04
-2.446218e-04
-2.493859e-04
-2.571074e-04
-2.672315e-04
-2.790541e-04
-2.917689e-04
-3.045219e-04
-3.164674e-04
-3.268238e-04
-3.349246e-04
-3.402614e-04
-3.425163e-04
-3.415813e-04
-3.375635e-04
-3.307763e-04
-3.217165e-04
-3.110293e-04
-2.994634e-04
-2.878199e-04
-2.768966e-04
-2.674345e-04
-2.600669e-04
-2.552770e-04
-2.533659e-04
-2.544327e-04
-2.583691e-04
-2.648688e-04
-2.734490e-04
-2.834864e-04
-2.942606e-04
-3.050057e-04
-3.149643e-04
-3.234405e-04
-3.298493e-04
-3.337563e-04
-3.349089e-04
-3.332521e-04
-3.289321e-04
-3.222844e-04
-3.138087e-04
-3.041322e-04
-2.939642e-04
-2.840437e-04
-2.750866e-04
-2.677338e-04
-2.625049e-04
-2.597612e-04
-2.596804e-04
-2.622443e-04
-2.672414e-04
-2.742832e-04
-2.828338e-04
-2.922502e-04
-3.018300e-04
-3.108637e-04
-3.186873e-04
-3.247312e-04
-3.285616e-04
-3.299129e-04
-3.287056e-04
-3.250521e-04
-3.192465e-04
-3.117420e-04
-3.031162e-04
-2.940267e-04
-2.851612e-04
-2.771859e-04
-2.706950e-04
-2.661663e-04
-2.639258e-04
-2.641239e-04
-2.667247e-04
-2.715101e-04
-2.780975e-04
-2.859695e-04
-2.945147e-04
-3.030745e-04
-3.109942e-04
-3.176725e-04
-3.226082e-04
-3.254370e-04
-3.259596e-04
-3.241555e-04
-3.201837e-04
-3.143690e-04
-3.071763e-04
-2.991735e-04
-2.909869e-04
-2.832524e-04
-2.765660e-04
-2.714377e-04
-2.682528e-04
-2.672421e-04
-2.684655e-04
-2.718082e-04
-2.769910e-04
-2.835929e-04
-2.910854e-04
-2.988743e-04
-3.063468e-04
-3.129197e-04
-3.180852e-04
-3.214497e-04
-3.227647e-04
-3.219448e-04
-3.190733e-04
-3.143947e-04
-3.082943e-04
-3.012663e-04
-2.938744e-04
-2.867063e-04
-2.803276e-04
-2.752365e-04
-2.718250e-04
-2.703489e-04
-2.709079e-04
-2.734394e-04
-2.777243e-04
-2.834059e-04
-2.900190e-04
-2.970284e-04
-3.038713e-04
-3.100032e-04
-3.149408e-04
-3.183003e-04
-3.198275e-04
-3.194167e-04
-3.171186e-04
-3.131344e-04
-3.077990e-04
-3.015528e-04
-2.949057e-04
-2.883952e-04
-2.825436e-04
-2.778153e-04
-2.745806e-04
-2.730863e-04
-2.734367e-04
-2.755867e-04
-2.793462e-04
-2.843969e-04
-2.903190e-04
-2.966259e-04
-3.028041e-04
-3.083550e-04
-3.128352e-04
-3.158917e-04
-3.172902e-04
-3.169325e-04
-3.148640e-04
-3.112685e-04
-3.064520e-04
-3.008172e-04
-2.948296e-04
-2.889794e-04
-2.837412e-04
-2.795357e-04
-2.766956e-04
-2.754398e-04
-2.758557e-04
-2.778938e-04
-2.813728e-04
-2.859953e-04
-2.913732e-04
-2.970600e-04
-3.025882e-04
-3.075072e-04
-3.114204e-04
-3.140168e-04
-3.150963e-04
-3.145847e-04
-3.125385e-04
-3.091400e-04
-3.046804e-04
-2.995355e-04
-2.941338e-04
-2.889213e-04
-2.843243e-04
-2.807148e-04
-2.783802e-04
-2.775007e-04
-2.781349e-04
-2.802166e-04
-2.835610e-04
-2.878809e-04
-2.928113e-04
-2.979403e-04
-3.028431e-04
-3.071176e-04
-3.104170e-04
-3.124780e-04
-3.131421e-04
-3.123673e-04
-3.102311e-04
-3.069225e-04
-3.027259e-04
-2.979967e-04
-2.931308e-04
-2.885323e-04
-2.845792e-04
-2.815929e-04
-2.798118e-04
-2.793724e-04
-2.802986e-04
-2.825012e-04
-2.857856e-04
-2.898696e-04
-2.944068e-04
-2.990165e-04
-3.033153e-04
-3.069491e-04
-3.096221e-04
-3.111209e-04
-3.113317e-04
-3.102488e-04
-3.079741e-04
-3.047076e-04
-3.007302e-04
-2.963795e-04
-2.920212e-04
-2.880182e-04
-2.847008e-04
-2.823392e-04
-2.811216e-04
-2.811392e-04
-2.823793e-04
-2.847274e-04
-2.879777e-04
-2.918506e-04
-2.960174e-04
-3.001274e-04
-3.038379e-04
-3.068424e-04
-3.088963e-04
-3.098364e-04
-3.095940e-04
-3.082000e-04
-3.057812e-04
-3.025491e-04
-2.987814e-04
-2.947983e-04
-2.909351e-04
-2.875142e-04
-2.848184e-04
-2.830669e-04
-2.823984e-04
-2.828592e-04
-2.844009e-04
-2.868845e-04
-2.900937e-04
-2.937527e-04
-2.975507e-04
-3.011677e-04
-3.043016e-04
-3.066934e-04
-3.081489e-04
-3.085538e-04
-3.078832e-04
-3.062028e-04
-3.036625e-04
-3.004834e-04
-2.969382e-04
-2.933282e-04
-2.899577e-04
-2.871081e-04
-2.850149e-04
-2.838478e-04
-2.836970e-04
-2.845668e-04
-2.863751e-04
-2.889616e-04
-2.921019e-04
-2.955267e-04
-2.989449e-04
-3.020684e-04
-3.046364e-04
-3.064368e-04
-3.073244e-04
-3.072319e-04
-3.061752e-04
-3.042516e-04
-3.016305e-04
-2.985392e-04
-2.952425e-04
-2.920205e-04
-2.891447e-04
-2.868553e-04
-2.853409e-04
-2.847231e-04
-2.850468e-04
-2.862770e-04
-2.883021e-04
-2.909446e-04
-2.939758e-04
-2.971362e-04
-3.001573e-04
-3.027847e-04
-3.047990e-04
-3.060346e-04
-3.063933e-04
-3.058517e-04
-3.044627e-04
-3.023509e-04
-2.997010e-04
-2.967416e-04
-2.937261e-04
-2.909106e-04
-2.885322e-04
-2.867890e-04
-2.858239e-04
-2.857127e-04
-2.864582e-04
-2.879904e-04
-2.901731e-04
-2.928160e-04
-2.956914e-04
-2.985531e-04
-3.011585e-04
-3.032881e-04
-3.047648e-04
-3.054682e-04
-3.053443e-04
-3.044101e-04
-3.027510e-04
-3.005137e-04
-2.978927e-04
-2.951137e-04
-2.924142e-04
-2.900233e-04
-2.881419e-04
-2.869263e-04
-2.864749e-04
-2.868205e-04
-2.879277e-04
-2.896966e-04
-2.919718e-04
-2.945558e-04
-2.972262e-04
-2.997551e-04
-3.019280e-04
-3.035624e-04
-3.045231e-04
-3.047331e-04
-3.041798e-04
-3.029161e-04
-3.010547e-04
-2.987587e-04
-2.962270e-04
-2.936771e-04
-2.913267e-04
-2.893749e-04
-2.879852e-04
-2.872724e-04
-2.872925e-04
-2.880385e-04
-2.894416e-04
-2.913776e-04
-2.936773e-04
-2.961418e-04
-2.985595e-04
-3.007242e-04
-3.024528e-04
-3.036006e-04
-3.040735e-04
-3.038358e-04
-3.029126e-04
-3.013876e-04
-2.993952e-04
-2.971090e-04
-2.947265e-04
-2.924520e-04
-2.904793e-04
-2.889753e-04
-2.880653e-04
-2.878234e-04
-2.882656e-04
-2.893497e-04
-2.909785e-04
-2.930090e-04
-2.952647e-04
-2.975510e-04
-2.996720e-04
-3.014469e-04
-3.027262e-04
-3.034033e-04
-3.034243e-04
-3.027916e-04
-3.015636e-04
-2.998494e-04
-2.977991e-04
-2.955906e-04
-2.934142e-04
-2.914564e-04
-2.898836e-04
-2.888284e-04
-2.883778e-04
-2.885668e-04
-2.893752e-04
-2.907296e-04
-2.925105e-04
-2.945623e-04
-2.967072e-04
-2.987606e-04
-3.005467e-04
-3.019139e-04
-3.027472e-04
-3.029785e-04
-3.025914e-04
-3.016232e-04
-3.001604e-04
-2.983317e-04
-2.962965e-04
-2.942310e-04
-2.923127e-04
-2.907059e-04
-2.895466e-04
-2.889319e-04
-2.889114e-04
-2.894834e-04
-2.905951e-04
-2.921478e-04
-2.940053e-04
-2.960060e-04
-2.979770e-04
-2.997488e-04
-3.011701e-04
-3.021206e-04
-3.025213e-04
-3.023408e-04
-3.015979e-04
-3.003599e-04
-2.987362e-04
-2.968689e-04
-2.949200e-04
-2.930580e-04
-2.914428e-04
-2.902121e-04
-2.894698e-04
-2.892771e-04
-2.896477e-04
-2.905463e-04
-2.918927e-04
-2.935683e-04
-2.954268e-04
-2.973069e-04
-2.990465e-04
-3.004962e-04
-3.015327e-04
-3.020686e-04
-3.020607e-04
-3.015123e-04
-3.004738e-04
-2.990375e-04
-2.973293e-04
-2.954982e-04
-2.937030e-04
-2.920982e-04
-2.908216e-04
-2.899816e-04
-2.896485e-04
-2.898483e-04
-2.905610e-04
-2.917224e-04
-2.932298e-04
-2.949512e-04
-2.967368e-04
-2.984319e-04
-2.998906e-04
-3.009879e-04
-3.016309e-04
-3.017663e-04
-3.013850e-04
-3.005225e-04
-2.992559e-04
-2.976966e-04
-2.959812e-04
-2.942586e-04
-2.926779e-04
-2.913752e-04
-2.904617e-04
-2.900146e-04
-2.900704e-04
-2.906215e-04
-2.916181e-04
-2.929716e-04
-2.945631e-04
-2.962537e-04
-2.978965e-04
-2.993496e-04
-3.004880e-04
-3.012147e-04
-3.014686e-04
-3.012301e-04
-3.005221e-04
-2.994082e-04
-2.979868e-04
-2.963826e-04
-2.947354e-04
-2.931881e-04
-2.918744e-04
-2.909071e-04
-2.903685e-04
-2.903031e-04
-2.907146e-04
-2.915650e-04
-2.927786e-04
-2.942484e-04
-2.958459e-04
-2.974319e-04
-2.988688e-04
-3.000327e-04
-3.008238e-04
-3.011752e-04
-3.010583e-04
-3.004854e-04
-2.995082e-04
-2.982133e-04
-2.967146e-04
-2.951431e-04
-2.936355e-04
-2.923224e-04
-2.913170e-04
-2.907053e-04
-2.905387e-04
-2.908297e-04
-2.915511e-04
-2.926383e-04
-2.939953e-04
-2.955031e-04
-2.970299e-04
-2.984431e-04
-2.996203e-04
-3.004602e-04
-3.008912e-04
-3.008775e-04
-3.004223e-04
-2.995669e-04
-2.983875e-04
-2.969878e-04
-2.954906e-04
-2.940265e-04
-2.927226e-04
-2.916918e-04
-2.910225e-04
-2.907716e-04
-2.909591e-04
-2.915669e-04
-2.925405e-04
-2.937936e-04
-2.952160e-04
-2.966833e-04
-2.980675e-04
-2.992486e-04
-3.001244e-04
-3.006199e-04
-3.006936e-04
-3.003406e-04
-2.995934e-04
-2.985186e-04
-2.972112e-04
-2.957858e-04
-2.943672e-04
-2.930790e-04
-2.920327e-04
-2.913187e-04
-2.909979e-04
-2.910967e-04
-2.916050e-04
-2.924768e-04
-2.936347e-04
-2.949767e-04
-2.963852e-04
-2.977371e-04
-2.989147e-04
-2.998160e-04
-3.003635e-04
-3.005106e-04
-3.002462e-04
-2.995948e-04
-2.986146e-04
-2.973924e-04
-2.960357e-04
-2.946634e-04
-2.933952e-04
-2.923415e-04
-2.915934e-04
-2.912151e-04
-2.912382e-04
-2.916594e-04
-2.924402e-04
-2.935114e-04
-2.947784e-04
-2.961297e-04
-2.974472e-04
-2.986159e-04
-2.995342e-04
-3.001229e-04
-3.003318e-04
-3.001438e-04
-2.995769e-04
-2.986818e-04
-2.975380e-04
-2.962463e-04
-2.949200e-04
-2.936751e-04
-2.926202e-04
-2.918468e-04
-2.914215e-04
-2.913803e-04
-2.917254e-04
-2.924254e-04
-2.934178e-04
-2.946150e-04
-2.959114e-04
-2.971935e-04
-2.983492e-04
-2.992777e-04
-2.998987e-04
-3.001589e-04
-3.000368e-04
-2.995443e-04
-2.987257e-04
-2.976537e-04
-2.964230e-04
-2.951418e-04
-2.939223e-04
-2.928711e-04
-2.920796e-04
-2.916162e-04
-2.915204e-04
-2.917995e-04
-2.924277e-04
-2.933489e-04
-2.944815e-04
-2.957257e-04
-2.969721e-04
-2.981117e-04
-2.990449e-04
-2.996908e-04
-2.999936e-04
-2.999279e-04
-2.995007e-04
-2.987505e-04
-2.977440e-04
-2.965704e-04
-2.953328e-04
-2.941399e-04
-2.930962e-04
-2.922926e-04
-2.917988e-04
-2.916571e-04
-2.918788e-04
-2.924434e-04
-2.933003e-04
-2.943735e-04
-2.955682e-04
-2.967794e-04
-2.979008e-04
-2.988343e-04
-2.994987e-04
-2.998364e-04
-2.998190e-04
-2.994490e-04
-2.987598e-04
-2.978130e-04
-2.966924e-04
-2.954967e-04
-2.943311e-04
-2.932978e-04
-2.924870e-04
-2.919692e-04
-2.917890e-04
-2.919612e-04
-2.924696e-04
-2.932687e-04
-2.942873e-04
-2.954356e-04
-2.966122e-04
-2.977139e-04
-2.986442e-04
-2.993218e-04
-2.996880e-04
-2.997116e-04
-2.993915e-04
-2.987567e-04
-2.978640e-04
-2.967925e-04
-2.956368e-04
-2.944986e-04
-2.934779e-04
-2.926639e-04
-2.921277e-04
-2.919155e-04
-2.920451e-04
-2.925040e-04
-2.932511e-04
-2.942198e-04
-2.953245e-04
-2.964677e-04
-2.975488e-04
-2.984730e-04
-2.991594e-04
-2.995484e-04
-2.996067e-04
-2.993300e-04
-2.987436e-04
-2.978998e-04
-2.968737e-04
-2.957558e-04
-2.946448e-04
-2.936383e-04
-2.928246e-04
-2.922746e-04
-2.920361e-04
-2.921291e-04
-2.925446e-04
-2.932451e-04
-2.941683e-04
-2.952324e-04
-2.963433e-04
-2.974033e-04
-2.983191e-04
-2.990106e-04
-2.994176e-04
-2.995050e-04
-2.992659e-04
-2.987223e-04
-2.979228e-04
-2.969385e-04
-2.958564e-04
-2.947721e-04
-2.937810e-04
-2.929702e-04
-2.924105e-04
-2.921505e-04
-2.922124e-04
-2.925898e-04
-2.932487e-04
-2.941305e-04
-2.951567e-04
-2.962368e-04
-2.972754e-04
-2.981811e-04
-2.988746e-04
-2.992954e-04
-2.994070e-04
-2.992004e-04
-2.986946e-04
-2.979350e-04
-2.969891e-04
-2.959407e-04
-2.948824e-04
-2.939076e-04
-2.931019e-04
-2.925358e-04
-2.922587e-04
-2.922942e-04
-2.926385e-04
-2.932603e-04
-2.941043e-04
-2.950955e-04
-2.961460e-04
-2.971633e-04
-2.980577e-04
-2.987506e-04
-2.991814e-04
-2.993129e-04
-2.991342e-04
-2.986618e-04
-2.979380e-04
-2.970274e-04
-2.960106e-04
-2.949776e-04
-2.940196e-04
-2.932208e-04
-2.926513e-04
-2.923608e-04
-2.923742e-04
-2.926896e-04
-2.932785e-04
-2.940882e-04
-2.950468e-04
-2.960694e-04
-2.970655e-04
-2.979474e-04
-2.986375e-04
-2.990754e-04
-2.992230e-04
-2.990680e-04
-2.986248e-04
-2.979333e-04
-2.970549e-04
-2.960678e-04
-2.950592e-04
-2.941183e-04
-2.933279e-04
-2.927575e-04
-2.924569e-04
-2.924520e-04
-2.927425e-04
-2.933021e-04
-2.940808e-04
-2.950093e-04
-2.960052e-04
-2.969805e-04
-2.978491e-04
-2.985346e-04
-2.989768e-04
-2.991372e-04
-2.990023e-04
-2.985847e-04
-2.979220e-04
-2.970733e-04
-2.961138e-04
-2.951288e-04
-2.942051e-04
-2.934244e-04
-2.928551e-04
-2.925473e-04
-2.925273e-04
-2.927964e-04
-2.933302e-04
-2.940808e-04
-2.949814e-04
-2.959522e-04
-2.969071e-04
-2.977618e-04
-2.984411e-04
-2.988852e-04
-2.990554e-04
-2.989374e-04
-2.985421e-04
-2.979052e-04
-2.970835e-04
-2.961500e-04
-2.951875e-04
-2.942812e-04
-2.935110e-04
-2.929448e-04
-2.926322e-04
-2.926002e-04
-2.928510e-04
-2.933619e-04
-2.940872e-04
-2.949621e-04
-2.959090e-04
-2.968440e-04
-2.976844e-04
-2.983562e-04
-2.988002e-04
-2.989777e-04
-2.988735e-04
-2.984976e-04
-2.978837e-04
-2.970867e-04
-2.961774e-04
-2.952366e-04
-2.943475e-04
-2.935887e-04
-2.930271e-04
-2.927119e-04
-2.926704e-04
-2.929059e-04
-2.933967e-04
-2.940990e-04
-2.949502e-04
-2.958746e-04
-2.967902e-04
-2.976160e-04
-2.982792e-04
-2.987213e-04
-2.989038e-04
-2.988109e-04
-2.984516e-04
-2.978582e-04
-2.970837e-04
-2.961970e-04
-2.952770e-04
-2.944050e-04
-2.936583e-04
-2.931026e-04
-2.927867e-04
-2.927382e-04
-2.929607e-04
-2.934340e-04
-2.941157e-04
-2.949449e-04
-2.958480e-04
-2.967447e-04
-2.975557e-04
-2.982094e-04
-2.986481e-04
-2.988335e-04
-2.987496e-04
-2.984046e-04
-2.978293e-04
-2.970754e-04
-2.962098e-04
-2.953097e-04
-2.944546e-04
-2.937204e-04
-2.931718e-04
-2.928570e-04
-2.928035e-04
-2.930154e-04
-2.934734e-04
-2.941365e-04
-2.949455e-04
-2.958283e-04
-2.967067e-04
-2.975028e-04
-2.981461e-04
-2.985801e-04
-2.987667e-04
-2.986897e-04
-2.983567e-04
-2.977975e-04
-2.970623e-04
-2.962166e-04
-2.953354e-04
-2.944971e-04
-2.937759e-04
-2.932353e-04
-2.929231e-04
-2.928663e-04
-2.930696e-04
-2.935145e-04
-2.941608e-04
-2.949511e-04
-2.958149e-04
-2.966755e-04
-2.974565e-04
-2.980889e-04
-2.985170e-04
-2.987031e-04
-2.986312e-04
-2.983082e-04
-2.977633e-04
-2.970452e-04
-2.962179e-04
-2.953550e-04
-2.945332e-04
-2.938252e-04
-2.932936e-04
-2.929852e-04
-2.929269e-04
-2.931235e-04
-2.935569e-04
-2.941883e-04
-2.949613e-04
-2.958070e-04
-2.966502e-04
-2.974162e-04
-2.980372e-04
-2.984583e-04
-2.986425e-04
-2.985741e-04
-2.982594e-04
-2.977270e-04
-2.970244e-04
-2.962145e-04
-2.953691e-04
-2.945635e-04
-2.938690e-04
-2.933471e-04
-2.930437e-04
-2.929854e-04
-2.931768e-04
-2.936005e-04
-2.942184e-04
-2.949754e-04
-2.958040e-04
-2.966304e-04
-2.973814e-04
-2.979904e-04
-2.984037e-04
-2.985848e-04
-2.985182e-04
-2.982103e-04
-2.976889e-04
-2.970005e-04
-2.962068e-04
-2.953783e-04
-2.945886e-04
-2.939078e-04
-2.933962e-04
-2.930989e-04
-2.930417e-04
-2.932295e-04
-2.936450e-04
-2.942509e-04
-2.949931e-04
-2.958054e-04
-2.966155e-04
-2.973515e-04
-2.979481e-04
-2.983527e-04
-2.985297e-04
-2.984637e-04
-2.981611e-04
-2.976492e-04
-2.969738e-04
-2.961953e-04
-2.953830e-04
-2.946090e-04
-2.939422e-04
-2.934414e-04
-2.931510e-04
-2.930962e-04
-2.932817e-04
-2.936903e-04
-2.942854e-04
-2.950139e-04
-2.958107e-04
-2.966049e-04
-2.973259e-04
-2.979099e-04
-2.983052e-04
-2.984770e-04
-2.984104e-04
-2.981118e-04
-2.976082e-04
-2.969447e-04
-2.961805e-04
-2.953838e-04
-2.946253e-04
-2.939724e-04
-2.934831e-04
-2.932003e-04
-2.931490e-04
-2.933332e-04
-2.937362e-04
-2.943217e-04
-2.950374e-04
-2.958194e-04
-2.965981e-04
-2.973043e-04
-2.978753e-04
-2.982607e-04
-2.984264e-04
-2.983582e-04
-2.980626e-04
-2.975661e-04
-2.969134e-04
-2.961628e-04
-2.953810e-04
-2.946378e-04
-2.939991e-04
-2.935214e-04
-2.932471e-04
-2.932001e-04
-2.933842e-04
-2.937826e-04
-2.943596e-04
-2.950634e-04
-2.958313e-04
-2.965949e-04
-2.972863e-04
-2.978441e-04
-2.982190e-04
-2.983779e-04
-2.983071e-04
-2.980133e-04
-2.975231e-04
-2.968803e-04
-2.961424e-04
-2.953752e-04
-2.946469e-04
-2.940224e-04
-2.935569e-04
-2.932916e-04
-2.932498e-04
-2.934347e-04
-2.938295e-04
-2.943988e-04
-2.950915e-04
-2.958459e-04
-2.965947e-04
-2.972714e-04
-2.978158e-04
-2.981797e-04
-2.983312e-04
-2.982570e-04
-2.979642e-04
-2.974792e-04
-2.968454e-04
-2.961196e-04
-2.953665e-04
-2.946531e-04
-2.940428e-04
-2.935898e-04
-2.933341e-04
-2.932981e-04
-2.934846e-04
-2.938767e-04
-2.944391e-04
-2.951215e-04
-2.958629e-04
-2.965973e-04
-2.972593e-04
-2.977901e-04
-2.981427e-04
-2.982861e-04
-2.982077e-04
-2.979151e-04
-2.974345e-04
-2.968091e-04
-2.960948e-04
-2.953554e-04
-2.946566e-04
-2.940606e-04
-2.936203e-04
-2.933746e-04
-2.933451e-04
-2.935340e-04
-2.939242e-04
-2.944805e-04
-2.951531e-04
-2.958821e-04
-2.966023e-04
-2.972497e-04
-2.977667e-04
-2.981076e-04
-2.982423e-04
-2.981592e-04
-2.978660e-04
-2.973891e-04
-2.967714e-04
-2.960680e-04
-2.953418e-04
-2.946574e-04
-2.940758e-04
-2.936484e-04
-2.934132e-04
-2.933907e-04
-2.935826e-04
-2.939714e-04
-2.945222e-04
-2.951856e-04
-2.959024e-04
-2.966086e-04
-2.972414e-04
-2.977445e-04
-2.980733e-04
-2.981987e-04
-2.981101e-04
-2.978155e-04
-2.973415e-04
-2.967307e-04
-2.960376e-04
-2.953241e-04
-2.946537e-04
-2.940861e-04
-2.936716e-04
-2.934468e-04
-2.934314e-04
-2.936264e-04
-2.940141e-04
-2.945594e-04
-2.952135e-04
-2.959180e-04
-2.966098e-04
-2.972272e-04
-2.977154e-04
-2.980309e-04
-2.981457e-04
-2.980499e-04
-2.977522e-04
-2.972793e-04
-2.966734e-04
-2.959885e-04
-2.952857e-04
-2.946273e-04
-2.940717e-04
-2.936679e-04
-2.934515e-04
-2.934410e-04
-2.936367e-04
-2.940204e-04
-2.945573e-04
-2.951988e-04
-2.958871e-04
-2.965602e-04
-2.971575e-04
-2.976254e-04
-2.979215e-04
-2.980191e-04
-2.979090e-04
-2.976003e-04
-2.971200e-04
-2.965100e-04
-2.958238e-04
-2.951214e-04
-2.944640e-04
-2.939088e-04
-2.935035e-04
-2.932821e-04
-2.932624e-04
-2.934437e-04
-2.938074e-04
-2.943184e-04
-2.949285e-04
-2.955805e-04
-2.962131e-04
-2.967670e-04
-2.971896e-04
-2.974398e-04
-2.974917e-04
-2.973369e-04
-2.969851e-04
-2.964633e-04
-2.958133e-04
-2.950878e-04
-2.943460e-04
-2.936479e-04
-2.930493e-04
-2.925965e-04
-2.923224e-04
-2.922436e-04
-2.923585e-04
-2.926481e-04
-2.930773e-04
-2.935980e-04
-2.941537e-04
-2.946843e-04
-2.951317e-04
-2.954445e-04
-2.955832e-04
-2.955232e-04
-2.952574e-04
-2.947963e-04
-2.941678e-04
-2.934139e-04
-2.925875e-04
-2.917477e-04
-2.909542e-04
-2.902625e-04
-2.897188e-04
-2.893559e-04
-2.891907e-04
-2.892224e-04
-2.894333e-04
-2.897901e-04
-2.902473e-04
-2.907515e-04
-2.912461e-04
-2.916773e-04
-2.919982e-04
-2.921744e-04
-2.921866e-04
-2.920329e-04
-2.917296e-04
-2.913102e-04
-2.908225e-04
-2.903256e-04
-2.898848e-04
-2.895664e-04
-2.894331e-04
-2.895388e-04
-2.899250e-04
-2.906181e-04
-2.916281e-04
-2.929491e-04
-2.945610e-04
-2.964331e-04
-2.985279e-04
-3.008065e-04
-3.032337e-04
-3.057832e-04
-3.084419e-04
-3.112136e-04
-3.141204e-04
-3.172039e-04
-3.205240e-04
-3.241565e-04
-3.281893e-04
-3.327182e-04
-3.378416e-04
-3.436557e-04
-3.502501e-04
-3.577037e-04
-3.660825e-04
-3.754386e-04
-3.858103e-04
-3.972246e-04
-4.096998e-04
-4.232506e-04
-4.378924e-04
-4.536467e-04
-4.705463e-04
-4.886394e-04
-5.079929e-04
-5.286941e-04
-5.508514e-04
-5.745933e-04
-6.000653e-04
-6.274268e-04
-6.568460e-04
-6.884953e-04
-7.225458e-04
-7.591631e-04
-7.985030e-04
-8.407095e-04
-8.859132e-04
-9.342315e-04
-9.857705e-04
-1.040628e-03
-1.098897e-03
-1.160671e-03
-1.226047e-03
-1.295133e-03
-1.368049e-03
-1.444929e-03
-1.525927e-03
-1.611209e-03
-1.700961e-03
-1.795375e-03
-1.894653e-03
-1.998999e-03
-2.108612e-03
-2.223681e-03
-2.344380e-03
-2.470864e-03
-2.603265e-03
-2.741689e-03
-2.886217e-03
-3.036907e-03
-3.193791e-03
-3.356883e-03
-3.526181e-03
-3.701670e-03
-3.883326e-03
-4.071118e-03
-4.265010e-03
-4.464961e-03
-4.670924e-03
-4.882843e-03
-5.100650e-03
-5.324257e-03
-5.553553e-03
-5.788396e-03
-6.028607e-03
-6.273965e-03
-6.524200e-03
-6.778993e-03
-7.037969e-03
-7.300700e-03
-7.566706e-03
-7.835452e-03
-8.106359e-03
-8.378801e-03
-8.652112e-03
-8.925589e-03
-9.198498e-03
-9.470071e-03
-9.739512e-03
-1.000600e-02
-1.026866e-02
-1.052663e-02
-1.077896e-02
-1.102469e-02
-1.126281e-02
-1.149226e-02
-1.171191e-02
-1.192062e-02
-1.211716e-02
-1.230026e-02
-1.246859e-02
-1.262080e-02
-1.275548e-02
-1.287120e-02
-1.296649e-02
-1.303989e-02
-1.308991e-02
-1.311508e-02
-1.311392e-02
-1.308499e-02
-1.302685e-02
-1.293809e-02
-1.281732e-02
-1.266319e-02
-1.247437e-02
-1.224957e-02
-1.198753e-02
-1.168702e-02
-1.134685e-02
-1.096588e-02
-1.054301e-02
-1.007720e-02
-9.567482e-03
-9.012951e-03
-8.412796e-03
-7.766303e-03
-7.072868e-03
-6.332006e-03
-5.543361e-03
-4.706718e-03
-3.822007e-03
-2.889311e-03
-1.908868e-03
-8.810735e-04
1.935157e-04
1.314185e-03
2.480063e-03
3.690117e-03
4.943163e-03
6.237857e-03
7.572703e-03
8.946048e-03
1.035608e-02
1.180083e-02
1.327816e-02
1.478577e-02
1.632120e-02
1.788180e-02
1.946476e-02
2.106711e-02
2.268568e-02
2.431717e-02
2.595809e-02
2.760482e-02
2.925358e-02
3.090047e-02
3.254147e-02
3.417247e-02
3.578924e-02
3.738750e-02
3.896289e-02
4.051102e-02
4.202744e-02
4.350769e-02
4.494727e-02
4.634171e-02
4.768650e-02
4.897717e-02
5.020924e-02
5.137828e-02
5.247988e-02
5.350968e-02
5.446338e-02
5.533675e-02
5.612565e-02
5.682603e-02
5.743398e-02
5.794570e-02
5.835754e-02
5.866605e-02
5.886792e-02
5.896005e-02
5.893957e-02
5.880378e-02
5.855024e-02
5.817674e-02
5.768130e-02
5.706216e-02
5.631784e-02
5.544707e-02
5.444885e-02
5.332243e-02
5.206728e-02
5.068315e-02
4.917005e-02
4.752824e-02
4.575825e-02
4.386088e-02
4.183722e-02
3.968863e-02
3.741677e-02
3.502359e-02
3.251133e-02
2.988251e-02
2.713998e-02
2.428686e-02
2.132653e-02
1.826270e-02
1.509930e-02
1.184057e-02
8.490971e-03
5.055223e-03
1.538283e-03
-2.054662e-03
-5.718202e-03
-9.446708e-03
-1.323434e-02
-1.707504e-02
-2.096257e-02
-2.489046e-02
-2.885205e-02
-3.284052e-02
-3.684881e-02
-4.086972e-02
-4.489586e-02
-4.891970e-02
-5.293354e-02
-5.692957e-02
-6.089983e-02
-6.483629e-02
-6.873084e-02
-7.257528e-02
-7.636140e-02
-8.008093e-02
-8.372563e-02
-8.728723e-02
-9.075753e-02
-9.412833e-02
-9.739152e-02
-1.005390e-01
-1.035629e-01
-1.064553e-01
-1.092085e-01
-1.118148e-01
-1.142668e-01
-1.165572e-01
-1.186788e-01
-1.206248e-01
-1.223886e-01
-1.239636e-01
-1.253437e-01
-1.265232e-01
-1.274964e-01
-1.282582e-01
-1.288038e-01
-1.291288e-01
-1.292290e-01
-1.291010e-01
-1.287414e-01
-1.281476e-01
-1.273171e-01
-1.262482e-01
-1.249393e-01
-1.233897e-01
-1.215986e-01
-1.195662e-01
-1.172928e-01
-1.147794e-01
-1.120274e-01
-1.090386e-01
-1.058154e-01
-1.023607e-01
-9.867788e-02
-9.477071e-02
-9.064356e-02
-8.630127e-02
-8.174915e-02
-7.699300e-02
-7.203909e-02
-6.689415e-02
-6.156536e-02
-5.606034e-02
-5.038709e-02
-4.455407e-02
-3.857007e-02
-3.244428e-02
-2.618623e-02
-1.980578e-02
-1.331312e-02
-6.718745e-03
-3.342692e-05
6.731770e-03
1.356552e-02
2.045624e-02
2.739213e-02
3.436113e-02
4.135101e-02
4.834933e-02
5.534348e-02
6.232072e-02
6.926815e-02
7.617279e-02
8.302159e-02
8.980143e-02
9.649918e-02
1.031017e-01
1.095959e-01
1.159687e-01
1.222072e-01
1.282985e-01
1.342298e-01
1.399886e-01
1.455625e-01
1.509393e-01
1.561070e-01
1.610539e-01
1.657684e-01
1.702395e-01
1.744561e-01
1.784079e-01
1.820846e-01
1.854764e-01
1.885741e-01
1.913688e-01
1.938519e-01
1.960157e-01
1.978528e-01
1.993563e-01
2.005201e-01
2.013386e-01
2.018067e-01
2.019201e-01
2.016751e-01
2.010686e-01
2.000984e-01
1.987626e-01
1.970603e-01
1.949913e-01
1.925557e-01
1.897548e-01
1.865903e-01
1.830646e-01
1.791810e-01
1.749433e-01
1.703562e-01
1.654250e-01
1.601556e-01
1.545548e-01
1.486300e-01
1.423893e-01
1.358415e-01
1.289960e-01
1.218630e-01
1.144532e-01
1.067779e-01
9.884917e-02
9.067946e-02
8.228189e-02
7.367006e-02
6.485810e-02
5.586061e-02
4.669267e-02
3.736979e-02
2.790790e-02
1.832333e-02
8.632764e-03
-1.146728e-03
-1.099777e-02
-2.090267e-02
-3.084348e-02
-4.080198e-02
-5.075974e-02
-6.069817e-02
-7.059849e-02
-8.044185e-02
-9.020929e-02
-9.988185e-02
-1.094406e-01
-1.188665e-01
-1.281408e-01
-1.372449e-01
-1.461602e-01
-1.548684e-01
-1.633514e-01
-1.715916e-01
-1.795715e-01
-1.872739e-01
-1.946824e-01
-2.017807e-01
-2.085530e-01
-2.149841e-01
-2.210595e-01
-2.267649e-01
-2.320869e-01
-2.370127e-01
-2.415303e-01
-2.456283e-01
-2.492959e-01
-2.525236e-01
-2.553022e-01
-2.576236e-01
-2.594806e-01
-2.608668e-01
-2.617768e-01
-2.622061e-01
-2.621512e-01
-2.616095e-01
-2.605793e-01
-2.590600e-01
-2.570518e-01
-2.545560e-01
-2.515748e-01
-2.481114e-01
-2.441699e-01
-2.397554e-01
-2.348739e-01
-2.295323e-01
-2.237386e-01
-2.175016e-01
-2.108309e-01
-2.037372e-01
-1.962320e-01
-1.883276e-01
-1.800373e-01
-1.713752e-01
-1.623560e-01
-1.529953e-01
-1.433097e-01
-1.333160e-01
-1.230321e-01
-1.124764e-01
-1.016679e-01
-9.062618e-02
-7.937136e-02
-6.792408e-02
-5.630541e-02
-4.453690e-02
-3.264043e-02
-2.063828e-02
-8.553001e-03
3.592551e-03
1.577531e-02
2.797201e-02
4.015926e-02
5.231356e-02
6.441137e-02
7.642915e-02
8.834343e-02
1.001308e-01
1.117681e-01
1.232323e-01
1.345007e-01
1.455509e-01
1.563607e-01
1.669087e-01
1.771736e-01
1.871348e-01
1.967722e-01
2.060662e-01
2.149980e-01
2.235493e-01
2.317026e-01
2.394410e-01
2.467486e-01
2.536101e-01
2.600110e-01
2.659376e-01
2.713774e-01
2.763183e-01
2.807496e-01
2.846613e-01
2.880444e-01
2.908908e-01
2.931937e-01
2.949470e-01
2.961459e-01
2.967865e-01
2.968659e-01
2.963826e-01
2.953358e-01
2.937259e-01
2.915545e-01
2.888241e-01
2.855384e-01
2.817020e-01
2.773208e-01
2.724016e-01
2.669522e-01
2.609817e-01
2.544999e-01
2.475179e-01
2.400477e-01
2.321023e-01
2.236958e-01
2.148432e-01
2.055603e-01
1.958643e-01
1.857727e-01
1.753044e-01
1.644787e-01
1.533160e-01
1.418374e-01
1.300646e-01
1.180200e-01
1.057267e-01
9.320834e-02
8.048900e-02
6.759329e-02
5.454620e-02
4.137310e-02
2.809965e-02
1.475178e-02
1.355608e-03
-1.206260e-02
-2.547647e-02
-3.885961e-02
-5.218564e-02
-6.542824e-02
-7.856122e-02
-9.155858e-02
-1.043946e-01
-1.170437e-01
-1.294809e-01
-1.416814e-01
-1.536210e-01
-1.652759e-01
-1.766231e-01
-1.876398e-01
-1.983043e-01
-2.085952e-01
-2.184921e-01
-2.279752e-01
-2.370257e-01
-2.456253e-01
-2.537570e-01
-2.614042e-01
-2.685518e-01
-2.751850e-01
-2.812905e-01
-2.868558e-01
-2.918695e-01
-2.963210e-01
-3.002011e-01
-3.035015e-01
-3.062153e-01
-3.083363e-01
-3.098599e-01
-3.107824e-01
-3.111013e-01
-3.108156e-01
-3.099251e-01
-3.084311e-01
-3.063359e-01
-3.036431e-01
-3.003576e-01
-2.964852e-01
-2.920331e-01
-2.870096e-01
-2.814241e-01
-2.752871e-01
-2.686102e-01
-2.614062e-01
-2.536888e-01
-2.454728e-01
-2.367739e-01
-2.276090e-01
-2.179957e-01
-2.079526e-01
-1.974992e-01
-1.866558e-01
-1.754435e-01
-1.638842e-01
-1.520005e-01
-1.398156e-01
-1.273533e-01
-1.146381e-01
-1.016948e-01
-8.854892e-02
-7.522620e-02
-6.175282e-02
-4.815523e-02
-3.446017e-02
-2.069460e-02
-6.885618e-03
6.939549e-03
2.075361e-02
3.452926e-02
4.823922e-02
6.185630e-02
7.535345e-02
8.870380e-02
1.018807e-01
1.148579e-01
1.276093e-01
1.401095e-01
1.523333e-01
1.642561e-01
1.758540e-01
1.871036e-01
1.979823e-01
2.084681e-01
2.185400e-01
2.281776e-01
2.373617e-01
2.460736e-01
2.542960e-01
2.620122e-01
2.692069e-01
2.758657e-01
2.819752e-01
2.875231e-01
2.924985e-01
2.968915e-01
3.006932e-01
3.038963e-01
3.064942e-01
3.084821e-01
3.098559e-01
3.106131e-01
3.107522e-01
3.102732e-01
3.091771e-01
3.074664e-01
3.051445e-01
3.022162e-01
2.986876e-01
2.945658e-01
2.898591e-01
2.845771e-01
2.787304e-01
2.723306e-01
2.653906e-01
2.579242e-01
2.499462e-01
2.414726e-01
2.325202e-01
2.231068e-01
2.132512e-01
2.029728e-01
1.922924e-01
1.812311e-01
1.698111e-01
1.580552e-01
1.459871e-01
1.336309e-01
1.210116e-01
1.081545e-01
9.508566e-02
8.183146e-02
6.841871e-02
5.487456e-02
4.122646e-02
2.750205e-02
1.372918e-02
-6.423024e-05
-1.385022e-02
-2.760083e-02
-4.128819e-02
-5.488454e-02
-6.836235e-02
-8.169429e-02
-9.485337e-02
-1.078129e-01
-1.205468e-01
-1.330291e-01
-1.452347e-01
-1.571389e-01
-1.687177e-01
-1.799477e-01
-1.908064e-01
-2.012717e-01
-2.113228e-01
-2.209395e-01
-2.301025e-01
-2.387935e-01
-2.469951e-01
-2.546911e-01
-2.618661e-01
-2.685059e-01
-2.745972e-01
-2.801282e-01
-2.850877e-01
-2.894661e-01
-2.932547e-01
-2.964460e-01
-2.990339e-01
-3.010131e-01
-3.023800e-01
-3.031320e-01
-3.032676e-01
-3.027867e-01
-3.016906e-01
-2.999817e-01
-2.976637e-01
-2.947414e-01
-2.912213e-01
-2.871105e-01
-2.824180e-01
-2.771535e-01
-2.713282e-01
-2.649543e-01
-2.580453e-01
-2.506155e-01
-2.426807e-01
-2.342573e-01
-2.253632e-01
-2.160168e-01
-2.062377e-01
-1.960463e-01
-1.854640e-01
-1.745127e-01
-1.632154e-01
-1.515956e-01
-1.396776e-01
-1.274862e-01
-1.150470e-01
-1.023858e-01
-8.952908e-02
-7.650376e-02
-6.333701e-02
-5.005633e-02
-3.668945e-02
-2.326430e-02
-9.808878e-03
3.648732e-03
1.708047e-02
3.045835e-02
4.375451e-02
5.694128e-02
6.999124e-02
8.287727e-02
9.557261e-02
1.080509e-01
1.202863e-01
1.322535e-01
1.439276e-01
1.552846e-01
1.663009e-01
1.769540e-01
1.872218e-01
1.970832e-01
2.065182e-01
2.155073e-01
2.240323e-01
2.320760e-01
2.396221e-01
2.466555e-01
2.531622e-01
2.591293e-01
2.645452e-01
2.693993e-01
2.736824e-01
2.773863e-01
2.805042e-01
2.830305e-01
2.849608e-01
2.862919e-01
2.870220e-01
2.871504e-01
2.866776e-01
2.856054e-01
2.839370e-01
2.816766e-01
2.788297e-01
2.754030e-01
2.714045e-01
2.668433e-01
2.617296e-01
2.560751e-01
2.498922e-01
2.431948e-01
2.359976e-01
2.283164e-01
2.201682e-01
2.115709e-01
2.025432e-01
1.931048e-01
1.832764e-01
1.730792e-01
1.625355e-01
1.516681e-01
1.405004e-01
1.290566e-01
1.173614e-01
1.054399e-01
9.331774e-02
8.102087e-02
6.857563e-02
5.600858e-02
4.334650e-02
3.061631e-02
1.784501e-02
5.059605e-03
-7.712939e-03
-2.044577e-02
-3.311218e-02
-4.568573e-02
-5.814023e-02
-7.044981e-02
-8.258904e-02
-9.453286e-02
-1.062567e-01
-1.177366e-01
-1.289490e-01
-1.398711e-01
-1.504806e-01
-1.607560e-01
-1.706764e-01
-1.802216e-01
-1.893724e-01
-1.981103e-01
-2.064174e-01
-2.142771e-01
-2.216733e-01
-2.285913e-01
-2.350169e-01
-2.409374e-01
-2.463407e-01
-2.512162e-01
-2.555540e-01
-2.593457e-01
-2.625838e-01
-2.652622e-01
-2.673758e-01
-2.689208e-01
-2.698947e-01
-2.702961e-01
-2.701248e-01
-2.693820e-01
-2.680699e-01
-2.661923e-01
-2.637538e-01
-2.607604e-01
-2.572193e-01
-2.531388e-01
-2.485284e-01
-2.433987e-01
-2.377614e-01
-2.316293e-01
-2.250163e-01
-2.179372e-01
-2.104078e-01
-2.024449e-01
-1.940662e-01
-1.852901e-01
-1.761359e-01
-1.666238e-01
-1.567744e-01
-1.466093e-01
-1.361504e-01
-1.254204e-01
-1.144424e-01
-1.032401e-01
-9.183731e-02
-8.025855e-02
-6.852850e-02
-5.667216e-02
-4.471475e-02
-3.268166e-02
-2.059844e-02
-8.490718e-03
3.615863e-03
1.569566e-02
2.772311e-02
3.967279e-02
5.151943e-02
6.323804e-02
7.480389e-02
8.619264e-02
9.738034e-02
1.083435e-01
1.190592e-01
1.295050e-01
1.396592e-01
1.495006e-01
1.590090e-01
1.681646e-01
1.769486e-01
1.853431e-01
1.933308e-01
2.008957e-01
2.080222e-01
2.146962e-01
2.209043e-01
2.266341e-01
2.318743e-01
2.366147e-01
2.408460e-01
2.445604e-01
2.477507e-01
2.504112e-01
2.525373e-01
2.541255e-01
2.551733e-01
2.556797e-01
2.556446e-01
2.550691e-01
2.539557e-01
2.523076e-01
2.501296e-01
2.474273e-01
2.442075e-01
2.404781e-01
2.362480e-01
2.315273e-01
2.263269e-01
2.206589e-01
2.145362e-01
2.079726e-01
2.009831e-01
1.935832e-01
1.857894e-01
1.776191e-01
1.690904e-01
1.602220e-01
1.510335e-01
1.415449e-01
1.317770e-01
1.217511e-01
1.114889e-01
1.010126e-01
9.034500e-02
7.950896e-02
6.852782e-02
5.742515e-02
4.622472e-02
3.495049e-02
2.362652e-02
1.227697e-02
9.260055e-04
-1.040222e-02
-2.168361e-02
-3.289420e-02
-4.401017e-02
-5.500792e-02
-6.586413e-02
-7.655578e-02
-8.706023e-02
-9.735526e-02
-1.074192e-01
-1.172307e-01
-1.267693e-01
-1.360151e-01
-1.449486e-01
-1.535516e-01
-1.618061e-01
-1.696953e-01
-1.772033e-01
-1.843148e-01
-1.910158e-01
-1.972929e-01
-2.031341e-01
-2.085280e-01
-2.134646e-01
-2.179346e-01
-2.219301e-01
-2.254439e-01
-2.284701e-01
-2.310039e-01
-2.330414e-01
-2.345800e-01
-2.356179e-01
-2.361546e-01
-2.361907e-01
-2.357276e-01
-2.347681e-01
-2.333158e-01
-2.313755e-01
-2.289530e-01
-2.260551e-01
-2.226895e-01
-2.188651e-01
-2.145916e-01
-2.098798e-01
-2.047412e-01
-1.991884e-01
-1.932349e-01
-1.868948e-01
-1.801834e-01
-1.731165e-01
-1.657106e-01
-1.579833e-01
-1.499526e-01
-1.416372e-01
-1.330564e-01
-1.242301e-01
-1.151787e-01
-1.059230e-01
-9.648435e-02
-8.688433e-02
-7.714484e-02
-6.728802e-02
-5.733618e-02
-4.731176e-02
-3.723722e-02
-2.713504e-02
-1.702765e-02
-6.937347e-03
3.113733e-03
1.310366e-02
2.301078e-02
3.281371e-02
4.249145e-02
5.202334e-02
6.138918e-02
7.056919e-02
7.954409e-02
8.829513e-02
9.680409e-02
1.050534e-01
1.130260e-01
1.207055e-01
1.280764e-01
1.351237e-01
1.418332e-01
1.481916e-01
1.541864e-01
1.598057e-01
1.650389e-01
1.698761e-01
1.743082e-01
1.783274e-01
1.819267e-01
1.851000e-01
1.878424e-01
1.901499e-01
1.920197e-01
1.934498e-01
1.944393e-01
1.949886e-01
1.950988e-01
1.947721e-01
1.940118e-01
1.928220e-01
1.912081e-01
1.891761e-01
1.867332e-01
1.838873e-01
1.806473e-01
1.770229e-01
1.730245e-01
1.686636e-01
1.639521e-01
1.589028e-01
1.535290e-01
1.478449e-01
1.418650e-01
1.356046e-01
1.290793e-01
1.223054e-01
1.152995e-01
1.080788e-01
1.006605e-01
9.306267e-02
8.530333e-02
7.740092e-02
6.937411e-02
6.124181e-02
5.302307e-02
4.473711e-02
3.640324e-02
2.804082e-02
1.966921e-02
1.130774e-02
2.975663e-03
-5.307926e-03
-1.352411e-02
-2.165422e-02
-2.967987e-02
-3.758300e-02
-4.534595e-02
-5.295150e-02
-6.038285e-02
-6.762377e-02
-7.465852e-02
-8.147198e-02
-8.804959e-02
-9.437745e-02
-1.004423e-01
-1.062316e-01
-1.117335e-01
-1.169367e-01
-1.218308e-01
-1.264063e-01
-1.306540e-01
-1.345659e-01
-1.381346e-01
-1.413536e-01
-1.442169e-01
-1.467198e-01
-1.488581e-01
-1.506285e-01
-1.520284e-01
-1.530564e-01
-1.537117e-01
-1.539942e-01
-1.539050e-01
-1.534457e-01
-1.526190e-01
-1.514283e-01
-1.498777e-01
-1.479723e-01
-1.457180e-01
-1.431213e-01
-1.401897e-01
-1.369312e-01
-1.333548e-01
-1.294701e-01
-1.252872e-01
-1.208172e-01
-1.160716e-01
-1.110627e-01
-1.058032e-01
-1.003063e-01
-9.458607e-02
-8.865663e-02
-8.253275e-02
-7.622954e-02
-6.976246e-02
-6.314729e-02
-5.640006e-02
-4.953705e-02
-4.257471e-02
-3.552965e-02
-2.841860e-02
-2.125835e-02
-1.406576e-02
-6.857675e-03
3.490635e-04
7.537674e-03
1.469146e-02
2.179384e-02
2.882839e-02
3.577885e-02
4.262919e-02
4.936363e-02
5.596666e-02
6.242310e-02
6.871810e-02
7.483722e-02
8.076642e-02
8.649212e-02
9.200122e-02
9.728112e-02
1.023198e-01
1.071057e-01
1.116280e-01
1.158765e-01
1.198413e-01
1.235136e-01
1.268851e-01
1.299479e-01
1.326953e-01
1.351209e-01
1.372192e-01
1.389854e-01
1.404155e-01
1.415061e-01
1.422546e-01
1.426594e-01
1.427194e-01
1.424344e-01
1.418050e-01
1.408325e-01
1.395191e-01
1.378678e-01
1.358822e-01
1.335669e-01
1.309272e-01
1.279690e-01
1.246992e-01
1.211252e-01
1.172552e-01
1.130981e-01
1.086635e-01
1.039614e-01
9.900280e-02
9.379892e-02
8.836174e-02
8.270371e-02
7.683781e-02
7.077748e-02
6.453662e-02
5.812954e-02
5.157092e-02
4.487581e-02
3.805957e-02
3.113784e-02
2.412652e-02
1.704170e-02
9.899656e-03
2.716803e-03
-4.490356e-03
-1.170525e-02
-1.891130e-02
-2.609192e-02
-3.323059e-02
-4.031089e-02
-4.731650e-02
-5.423127e-02
-6.103926e-02
-6.772475e-02
-7.427230e-02
-8.066674e-02
-8.689328e-02
-9.293748e-02
-9.878530e-02
-1.044232e-01
-1.098380e-01
-1.150172e-01
-1.199487e-01
-1.246211e-01
-1.290235e-01
-1.331457e-01
-1.369782e-01
-1.405121e-01
-1.437392e-01
-1.466522e-01
-1.492444e-01
-1.515098e-01
-1.534432e-01
-1.550404e-01
-1.562975e-01
-1.572118e-01
-1.577811e-01
-1.580041e-01
-1.578801e-01
-1.574093e-01
-1.565926e-01
-1.554317e-01
-1.539288e-01
-1.520872e-01
-1.499106e-01
-1.474036e-01
-1.445714e-01
-1.414200e-01
-1.379560e-01
-1.341868e-01
-1.301202e-01
-1.257650e-01
-1.211303e-01
-1.162261e-01
-1.110627e-01
-1.056511e-01
-1.000030e-01
-9.413018e-02
-8.804526e-02
-8.176114e-02
-7.529116e-02
-6.864905e-02
-6.184887e-02
-5.490501e-02
-4.783217e-02
-4.064529e-02
-3.335955e-02
-2.599035e-02
-1.855325e-02
-1.106399e-02
-3.538404e-03
4.007544e-03
1.155784e-02
1.909642e-02
2.660721e-02
3.407417e-02
4.148127e-02
4.881261e-02
5.605238e-02
6.318491e-02
7.019475e-02
7.706662e-02
8.378555e-02
9.033682e-02
9.670607e-02
1.028793e-01
1.088429e-01
1.145836e-01
1.200889e-01
1.253466e-01
1.303451e-01
1.350733e-01
1.395208e-01
1.436780e-01
1.475357e-01
1.510857e-01
1.543202e-01
1.572325e-01
1.598165e-01
1.620669e-01
1.639791e-01
1.655494e-01
1.667749e-01
1.676534e-01
1.681837e-01
1.683650e-01
1.681976e-01
1.676822e-01
1.668206e-01
1.656149e-01
1.640682e-01
1.621842e-01
1.599671e-01
1.574218e-01
1.545539e-01
1.513697e-01
1.478757e-01
1.440796e-01
1.399891e-01
1.356128e-01
1.309599e-01
1.260399e-01
1.208632e-01
1.154405e-01
1.097830e-01
1.039025e-01
9.781132e-02
9.152207e-02
8.504789e-02
7.840231e-02
7.159918e-02
6.465270e-02
5.757733e-02
5.038778e-02
4.309899e-02
3.572604e-02
2.828416e-02
2.078866e-02
1.325493e-02
5.698368e-03
-1.865627e-03
-9.421695e-03
-1.695454e-02
-2.444897e-02
-3.188990e-02
-3.926240e-02
-4.655170e-02
-5.374325e-02
-6.082270e-02
-6.777593e-02
-7.458911e-02
-8.124868e-02
-8.774140e-02
-9.405435e-02
-1.001750e-01
-1.060912e-01
-1.117911e-01
-1.172634e-01
-1.224973e-01
-1.274824e-01
-1.322087e-01
-1.366670e-01
-1.408484e-01
-1.447448e-01
-1.483486e-01
-1.516527e-01
-1.546510e-01
-1.573378e-01
-1.597081e-01
-1.617578e-01
-1.634833e-01
-1.648818e-01
-1.659514e-01
-1.666905e-01
-1.670987e-01
-1.671760e-01
-1.669232e-01
-1.663418e-01
-1.654338e-01
-1.642021e-01
-1.626499e-01
-1.607813e-01
-1.586008e-01
-1.561134e-01
-1.533248e-01
-1.502411e-01
-1.468689e-01
-1.432152e-01
-1.392876e-01
-1.350941e-01
-1.306430e-01
-1.259432e-01
-1.210041e-01
-1.158353e-01
-1.104468e-01
-1.048493e-01
-9.905356e-02
-9.307091e-02
-8.691298e-02
-8.059176e-02
-7.411957e-02
-6.750903e-02
-6.077306e-02
-5.392484e-02
-4.697776e-02
-3.994544e-02
-3.284166e-02
-2.568034e-02
-1.847552e-02
-1.124133e-02
-3.991940e-03
3.258462e-03
1.049569e-02
1.770558e-02
2.487407e-02
3.198716e-02
3.903097e-02
4.599180e-02
5.285610e-02
5.961053e-02
6.624197e-02
7.273758e-02
7.908478e-02
8.527131e-02
9.128524e-02
9.711498e-02
1.027494e-01
1.081776e-01
1.133892e-01
1.183745e-01
1.231238e-01
1.276282e-01
1.318793e-01
1.358691e-01
1.395902e-01
1.430356e-01
1.461990e-01
1.490748e-01
1.516577e-01
1.539432e-01
1.559272e-01
1.576064e-01
1.589780e-01
1.600399e-01
1.607906e-01
1.612290e-01
1.613550e-01
1.611689e-01
1.606717e-01
1.598648e-01
1.587504e-01
1.573313e-01
1.556108e-01
1.535929e-01
1.512818e-01
1.486828e-01
1.458012e-01
1.426433e-01
1.392155e-01
1.355249e-01
1.315792e-01
1.273863e-01
1.229549e-01
1.182939e-01
1.134128e-01
1.083214e-01
1.030300e-01
9.754935e-02
9.189048e-02
8.606486e-02
8.008425e-02
7.396077e-02
6.770679e-02
6.133495e-02
5.485812e-02
4.828935e-02
4.164187e-02
3.492901e-02
2.816420e-02
2.136094e-02
1.453272e-02
7.693067e-03
8.554188e-04
-5.966835e-03
-1.276041e-02
-1.951217e-02
-2.620910e-02
-3.283840e-02
-3.938748e-02
-4.584395e-02
-5.219572e-02
-5.843095e-02
-6.453811e-02
-7.050598e-02
-7.632369e-02
-8.198073e-02
-8.746696e-02
-9.277263e-02
-9.788840e-02
-1.028054e-01
-1.075150e-01
-1.120093e-01
-1.162806e-01
-1.203218e-01
-1.241262e-01
-1.276875e-01
-1.310001e-01
-1.340585e-01
-1.368580e-01
-1.393943e-01
-1.416635e-01
-1.436621e-01
-1.453874e-01
-1.468369e-01
-1.480086e-01
-1.489013e-01
-1.495140e-01
-1.498464e-01
-1.498986e-01
-1.496712e-01
-1.491656e-01
-1.483834e-01
-1.473270e-01
-1.459991e-01
-1.444030e-01
-1.425427e-01
-1.404225e-01
-1.380472e-01
-1.354223e-01
-1.325535e-01
-1.294473e-01
-1.261104e-01
-1.225499e-01
-1.187736e-01
-1.147894e-01
-1.106058e-01
-1.062316e-01
-1.016759e-01
-9.694810e-02
-9.205811e-02
-8.701596e-02
-8.183200e-02
-7.651682e-02
-7.108124e-02
-6.553629e-02
-5.989318e-02
-5.416324e-02
-4.835797e-02
-4.248895e-02
-3.656783e-02
-3.060631e-02
-2.461611e-02
-1.860895e-02
-1.259649e-02
-6.590364e-03
-6.021022e-04
5.356870e-03
1.127526e-02
1.714192e-02
2.294590e-02
2.867644e-02
3.432298e-02
3.987523e-02
4.532314e-02
5.065693e-02
5.586713e-02
6.094457e-02
6.588041e-02
7.066613e-02
7.529357e-02
7.975496e-02
8.404285e-02
8.815021e-02
9.207037e-02
9.579708e-02
9.932448e-02
1.026471e-01
1.057599e-01
1.086582e-01
1.113378e-01
1.137949e-01
1.160261e-01
1.180284e-01
1.197994e-01
1.213370e-01
1.226395e-01
1.237058e-01
1.245352e-01
1.251274e-01
1.254826e-01
1.256016e-01
1.254855e-01
1.251359e-01
1.245550e-01
1.237453e-01
1.227098e-01
1.214519e-01
1.199754e-01
1.182846e-01
1.163839e-01
1.142784e-01
1.119733e-01
1.094741e-01
1.067866e-01
1.039170e-01
1.008715e-01
9.765658e-02
9.427909e-02
9.074593e-02
8.706419e-02
8.324119e-02
7.928438e-02
7.520142e-02
7.100010e-02
6.668839e-02
6.227444e-02
5.776653e-02
5.317311e-02
4.850275e-02
4.376418e-02
3.896624e-02
3.411786e-02
2.922807e-02
2.430597e-02
1.936069e-02
1.440138e-02
9.437183e-03
4.477205e-03
-4.695069e-04
-5.393998e-03
-1.028743e-02
-1.514110e-02
-1.994648e-02
-2.469521e-02
-2.937915e-02
-3.399037e-02
-3.852120e-02
-4.296418e-02
-4.731214e-02
-5.155815e-02
-5.569556e-02
-5.971799e-02
-6.361931e-02
-6.739370e-02
-7.103555e-02
-7.453956e-02
-7.790065e-02
-8.111401e-02
-8.417508e-02
-8.707954e-02
-8.982331e-02
-9.240255e-02
-9.481367e-02
-9.705330e-02
-9.911833e-02
-1.010059e-01
-1.027134e-01
-1.042385e-01
-1.055790e-01
-1.067333e-01
-1.076997e-01
-1.084770e-01
-1.090643e-01
-1.094610e-01
-1.096666e-01
-1.096812e-01
-1.095050e-01
-1.091386e-01
-1.085827e-01
-1.078385e-01
-1.069075e-01
-1.057911e-01
-1.044914e-01
-1.030104e-01
-1.013506e-01
-9.951437e-02
-9.750466e-02
-9.532439e-02
-9.297677e-02
-9.046519e-02
-8.779322e-02
-8.496466e-02
-8.198349e-02
-7.885392e-02
-7.558035e-02
-7.216740e-02
-6.861990e-02
-6.494291e-02
-6.114170e-02
-5.722175e-02
-5.318876e-02
-4.904862e-02
-4.480742e-02
-4.047144e-02
-3.604710e-02
-3.154100e-02
-2.695989e-02
-2.231062e-02
-1.760017e-02
-1.283562e-02
-8.024149e-03
-3.173000e-03
1.710497e-03
6.618948e-03
1.154489e-02
1.648079e-02
2.141907e-02
2.635207e-02
3.127205e-02
3.617124e-02
4.104177e-02
4.587571e-02
5.066507e-02
5.540178e-02
6.007774e-02
6.468477e-02
6.921466e-02
7.365917e-02
7.801004e-02
8.225901e-02
8.639785e-02
9.041833e-02
9.431231e-02
9.807170e-02
1.016885e-01
1.051549e-01
1.084631e-01
1.116055e-01
1.145747e-01
1.173635e-01
1.199648e-01
1.223720e-01
1.245784e-01
1.265778e-01
1.283641e-01
1.299316e-01
1.312750e-01
1.323890e-01
1.332690e-01
1.339105e-01
1.343093e-01
1.344619e-01
1.343647e-01
1.340150e-01
1.334101e-01
1.325480e-01
1.314268e-01
1.300456e-01
1.284033e-01
1.264999e-01
1.243354e-01
1.219106e-01
1.192267e-01
1.162856e-01
1.130895e-01
1.096413e-01
1.059443e-01
1.020027e-01
9.782085e-02
9.340387e-02
8.875734e-02
8.388740e-02
7.880068e-02
7.350432e-02
6.800592e-02
6.231353e-02
5.643566e-02
5.038120e-02
4.415947e-02
3.778014e-02
3.125325e-02
2.458916e-02
1.779859e-02
1.089256e-02
3.882399e-03
-3.220276e-03
-1.040354e-02
-1.765520e-02
-2.496278e-02
-3.231353e-02
-3.969444e-02
-4.709227e-02
-5.449352e-02
-6.188447e-02
-6.925122e-02
-7.657968e-02
-8.385561e-02
-9.106464e-02
-9.819230e-02
-1.052241e-01
-1.121454e-01
-1.189418e-01
-1.255987e-01
-1.321017e-01
-1.384365e-01
-1.445891e-01
-1.505453e-01
-1.562916e-01
-1.618144e-01
-1.671006e-01
-1.721372e-01
-1.769117e-01
-1.814118e-01
-1.856258e-01
-1.895423e-01
-1.931502e-01
-1.964390e-01
-1.993985e-01
-2.020193e-01
-2.042921e-01
-2.062084e-01
-2.077601e-01
-2.089397e-01
-2.097403e-01
-2.101555e-01
-2.101796e-01
-2.098074e-01
-2.090344e-01
-2.078569e-01
-2.062716e-01
-2.042760e-01
-2.018683e-01
-1.990474e-01
-1.958131e-01
-1.921656e-01
-1.881062e-01
-1.836367e-01
-1.787598e-01
-1.734791e-01
-1.677988e-01
-1.617242e-01
-1.552612e-01
-1.484168e-01
-1.411984e-01
-1.336149e-01
-1.256754e-01
-1.173904e-01
-1.087710e-01
-9.982906e-02
-9.057750e-02
-8.102993e-02
-7.120080e-02
-6.110535e-02
-5.075956e-02
-4.018018e-02
-2.938467e-02
-1.839114e-02
-7.218396e-03
4.114174e-03
1.558659e-02
2.717832e-02
3.886835e-02
5.063519e-02
6.245694e-02
7.431131e-02
8.617571e-02
9.802724e-02
1.098428e-01
1.215991e-01
1.332726e-01
1.448398e-01
1.562773e-01
1.675613e-01
1.786685e-01
1.895754e-01
2.002587e-01
2.106955e-01
2.208629e-01
2.307385e-01
2.403000e-01
2.495256e-01
2.583941e-01
2.668845e-01
2.749764e-01
2.826499e-01
2.898859e-01
2.966657e-01
3.029715e-01
3.087860e-01
3.140928e-01
3.188764e-01
3.231220e-01
3.268157e-01
3.299447e-01
3.324970e-01
3.344616e-01
3.358287e-01
3.365895e-01
3.367361e-01
3.362619e-01
3.351615e-01
3.334304e-01
3.310654e-01
3.280646e-01
3.244270e-01
3.201531e-01
3.152444e-01
3.097037e-01
3.035351e-01
2.967437e-01
2.893360e-01
2.813197e-01
2.727038e-01
2.634984e-01
2.537148e-01
2.433656e-01
2.324647e-01
2.210270e-01
2.090686e-01
1.966070e-01
1.836604e-01
1.702484e-01
1.563917e-01
1.421118e-01
1.274313e-01
1.123738e-01
9.696384e-02
8.122666e-02
6.518843e-02
4.887610e-02
3.231729e-02
1.554034e-02
-1.425812e-03
-1.855165e-02
-3.580714e-02
-5.316176e-02
-7.058457e-02
-8.804427e-02
-1.055092e-01
-1.229476e-01
-1.403272e-01
-1.576159e-01
-1.747813e-01
-1.917910e-01
-2.086127e-01
-2.252139e-01
-2.415626e-01
-2.576268e-01
-2.733747e-01
-2.887748e-01
-3.037961e-01
-3.184079e-01
-3.325800e-01
-3.462827e-01
-3.594870e-01
-3.721645e-01
-3.842873e-01
-3.958285e-01
-4.067621e-01
-4.170628e-01
-4.267063e-01
-4.356693e-01
-4.439296e-01
-4.514661e-01
-4.582590e-01
-4.642896e-01
-4.695405e-01
-4.739958e-01
-4.776410e-01
-4.804628e-01
-4.824496e-01
-4.835915e-01
-4.838797e-01
-4.833074e-01
-4.818693e-01
-4.795617e-01
-4.763825e-01
-4.723313e-01
-4.674094e-01
-4.616197e-01
-4.549669e-01
-4.474571e-01
-4.390983e-01
-4.298999e-01
-4.198730e-01
-4.090305e-01
-3.973865e-01
-3.849571e-01
-3.717595e-01
-3.578127e-01
-3.431372e-01
-3.277549e-01
-3.116891e-01
-2.949646e-01
-2.776075e-01
-2.596454e-01
-2.411071e-01
-2.220226e-01
-2.024232e-01
-1.823414e-01
-1.618107e-01
-1.408659e-01
-1.195425e-01
-9.787712e-02
-7.590726e-02
-5.367111e-02
-3.120765e-02
-8.556452e-03
1.424232e-02
3.714806e-02
6.011976e-02
8.311612e-02
1.060956e-01
1.290167e-01
1.518376e-01
1.745168e-01
1.970128e-01
2.192842e-01
2.412902e-01
2.629901e-01
2.843437e-01
3.053113e-01
3.258538e-01
3.459326e-01
3.655099e-01
3.845486e-01
4.030123e-01
4.208657e-01
4.380740e-01
4.546037e-01
4.704222e-01
4.854979e-01
4.998004e-01
5.133005e-01
5.259703e-01
5.377831e-01
5.487137e-01
5.587384e-01
5.678350e-01
5.759828e-01
5.831628e-01
5.893579e-01
5.945525e-01
5.987329e-01
6.018875e-01
6.040062e-01
6.050813e-01
6.051066e-01
6.040781e-01
6.019939e-01
5.988539e-01
5.946600e-01
5.894163e-01
5.831287e-01
5.758050e-01
5.674552e-01
5.580910e-01
5.477261e-01
5.363761e-01
5.240584e-01
5.107923e-01
4.965986e-01
4.815003e-01
4.655216e-01
4.486888e-01
4.310294e-01
4.125728e-01
3.933497e-01
3.733923e-01
3.527341e-01
3.314099e-01
3.094560e-01
2.869096e-01
2.638091e-01
2.401940e-01
2.161046e-01
1.915822e-01
1.666690e-01
1.414077e-01
1.158420e-01
9.001582e-02
6.397387e-02
3.776119e-02
1.142322e-02
-1.499434e-02
-4.144554e-02
-6.788429e-02
-9.426446e-02
-1.205399e-01
-1.466646e-01
-1.725926e-01
-1.982784e-01
-2.236765e-01
-2.487422e-01
-2.734309e-01
-2.976989e-01
-3.215029e-01
-3.448005e-01
-3.675499e-01
-3.897105e-01
-4.112423e-01
-4.321067e-01
-4.522659e-01
-4.716835e-01
-4.903243e-01
-5.081544e-01
-5.251412e-01
-5.412539e-01
-5.564628e-01
-5.707400e-01
-5.840592e-01
-5.963959e-01
-6.077271e-01
-6.180316e-01
-6.272902e-01
-6.354855e-01
-6.426018e-01
-6.486256e-01
-6.535452e-01
-6.573508e-01
-6.600347e-01
-6.615912e-01
-6.620167e-01
-6.613095e-01
-6.594700e-01
-6.565007e-01
-6.524062e-01
-6.471929e-01
-6.408695e-01
-6.334467e-01
-6.249369e-01
-6.153549e-01
-6.047172e-01
-5.930422e-01
-5.803503e-01
-5.666637e-01
-5.520063e-01
-5.364038e-01
-5.198835e-01
-5.024744e-01
-4.842070e-01
-4.651132e-01
-4.452266e-01
-4.245819e-01
-4.032151e-01
-3.811635e-01
-3.584655e-01
-3.351607e-01
-3.112897e-01
-2.868940e-01
-2.620160e-01
-2.366989e-01
-2.109869e-01
-1.849246e-01
-1.585574e-01
-1.319313e-01
-1.050926e-01
-7.808805e-02
-5.096490e-02
-2.377048e-02
3.447715e-03
3.064210e-02
5.776513e-02
8.476938e-02
1.116076e-01
1.382330e-01
1.645990e-01
1.906596e-01
2.163693e-01
2.416835e-01
2.665579e-01
2.909496e-01
3.148160e-01
3.381160e-01
3.608092e-01
3.828564e-01
4.042197e-01
4.248623e-01
4.447487e-01
4.638449e-01
4.821183e-01
4.995376e-01
5.160733e-01
5.316973e-01
5.463834e-01
5.601068e-01
5.728448e-01
5.845762e-01
5.952820e-01
6.049447e-01
6.135491e-01
6.210818e-01
6.275313e-01
6.328882e-01
6.371451e-01
6.402968e-01
6.423397e-01
6.432726e-01
6.430962e-01
6.418131e-01
6.394280e-01
6.359475e-01
6.313800e-01
6.257361e-01
6.190280e-01
6.112698e-01
6.024776e-01
5.926691e-01
5.818638e-01
5.700830e-01
5.573496e-01
5.436881e-01
5.291247e-01
5.136873e-01
4.974052e-01
4.803091e-01
4.624313e-01
4.438055e-01
4.244665e-01
4.044506e-01
3.837952e-01
3.625388e-01
3.407210e-01
3.183824e-01
2.955642e-01
2.723089e-01
2.486591e-01
2.246585e-01
2.003510e-01
1.757809e-01
1.509931e-01
1.260324e-01
1.009439e-01
7.577261e-02
5.056354e-02
2.536154e-02
2.112042e-04
-2.484317e-02
-4.975769e-02
-7.448893e-02
-9.899401e-02
-1.232306e-01
-1.471572e-01
-1.707328e-01
-1.939174e-01
-2.166717e-01
-2.389574e-01
-2.607372e-01
-2.819747e-01
-3.026347e-01
-3.226832e-01
-3.420873e-01
-3.608153e-01
-3.788370e-01
-3.961234e-01
-4.126473e-01
-4.283824e-01
-4.433046e-01
-4.573908e-01
-4.706200e-01
-4.829724e-01
-4.944304e-01
-5.049778e-01
-5.146001e-01
-5.232847e-01
-5.310209e-01
-5.377994e-01
-5.436129e-01
-5.484559e-01
-5.523247e-01
-5.552170e-01
-5.571327e-01
-5.580731e-01
-5.580414e-01
-5.570424e-01
-5.550825e-01
-5.521700e-01
-5.483147e-01
-5.435279e-01
-5.378228e-01
-5.312140e-01
-5.237176e-01
-5.153513e-01
-5.061345e-01
-4.960878e-01
-4.852333e-01
-4.735945e-01
-4.611965e-01
-4.480652e-01
-4.342282e-01
-4.197141e-01
-4.045527e-01
-3.887747e-01
-3.724119e-01
-3.554972e-01
-3.380641e-01
-3.201470e-01
-3.017809e-01
-2.830016e-01
-2.638454e-01
-2.443490e-01
-2.245496e-01
-2.044845e-01
-1.841915e-01
-1.637084e-01
-1.430732e-01
-1.223238e-01
-1.014981e-01
-8.063398e-02
-5.976890e-02
-3.894020e-02
-1.818486e-02
2.460528e-03
2.295982e-02
4.327738e-02
6.337812e-02
8.322758e-02
1.027920e-01
1.220382e-01
1.409339e-01
1.594477e-01
1.775488e-01
1.952075e-01
2.123951e-01
2.290837e-01
2.452467e-01
2.608585e-01
2.758946e-01
2.903316e-01
3.041477e-01
3.173221e-01
3.298354e-01
3.416696e-01
3.528080e-01
3.632354e-01
3.729382e-01
3.819041e-01
3.901222e-01
3.975835e-01
4.042800e-01
4.102057e-01
4.153556e-01
4.197266e-01
4.233168e-01
4.261260e-01
4.281551e-01
4.294066e-01
4.298844e-01
4.295938e-01
4.285411e-01
4.267343e-01
4.241825e-01
4.208959e-01
4.168863e-01
4.121663e-01
4.067499e-01
4.006521e-01
3.938893e-01
3.864787e-01
3.784388e-01
3.697888e-01
3.605494e-01
3.507418e-01
3.403884e-01
3.295124e-01
3.181379e-01
3.062896e-01
2.939931e-01
2.812746e-01
2.681610e-01
2.546796e-01
2.408582e-01
2.267251e-01
2.123089e-01
1.976384e-01
1.827427e-01
1.676509e-01
1.523923e-01
1.369961e-01
1.214916e-01
1.059079e-01
9.027383e-02
7.461815e-02
5.896931e-02
4.335546e-02
2.780442e-02
1.234361e-02
-2.999949e-03
-1.819970e-02
-3.322956e-02
-4.806396e-02
-6.267786e-02
-7.704683e-02
-9.114703e-02
-1.049553e-01
-1.184490e-01
-1.316065e-01
-1.444067e-01
-1.568294e-01
-1.688551e-01
-1.804652e-01
-1.916423e-01
-2.023694e-01
-2.126310e-01
-2.224123e-01
-2.316995e-01
-2.404801e-01
-2.487424e-01
-2.564760e-01
-2.636713e-01
-2.703201e-01
-2.764152e-01
-2.819503e-01
-2.869203e-01
-2.913213e-01
-2.951504e-01
-2.984054e-01
-3.010857e-01
-3.031912e-01
-3.047232e-01
-3.056836e-01
-3.060756e-01
-3.059033e-01
-3.051715e-01
-3.038862e-01
-3.020542e-01
-2.996833e-01
-2.967821e-01
-2.933600e-01
-2.894276e-01
-2.849960e-01
-2.800772e-01
-2.746841e-01
-2.688302e-01
-2.625300e-01
-2.557985e-01
-2.486514e-01
-2.411051e-01
-2.331766e-01
-2.248835e-01
-2.162437e-01
-2.072759e-01
-1.979992e-01
-1.884328e-01
-1.785967e-01
-1.685109e-01
-1.581959e-01
-1.476724e-01
-1.369613e-01
-1.260836e-01
-1.150607e-01
-1.039138e-01
-9.266446e-02
-8.133405e-02
-6.994406e-02
-5.851594e-02
-4.707104e-02
-3.563061e-02
-2.421577e-02
-1.284745e-02
-1.546351e-03
9.667064e-03
2.077263e-02
3.175049e-02
4.258117e-02
5.324557e-02
6.372503e-02
7.400132e-02
8.405672e-02
9.387405e-02
1.034366e-01
1.127284e-01
1.217340e-01
1.304385e-01
1.388277e-01
1.468883e-01
1.546075e-01
1.619732e-01
1.689742e-01
1.756000e-01
1.818410e-01
1.876881e-01
1.931334e-01
1.981695e-01
2.027901e-01
2.069893e-01
2.107626e-01
2.141058e-01
2.170158e-01
2.194903e-01
2.215276e-01
2.231272e-01
2.242889e-01
2.250137e-01
2.253030e-01
2.251593e-01
2.245857e-01
2.235859e-01
2.221645e-01
2.203268e-01
2.180786e-01
