0.000000e+00
0.000000e+00
0.000000e+00
0.000000e+00
0.000000e+00
0.000000e+00
0.000000e+00
0.000000e+00
0.000000e+00
0.000000e+00
0.000000e+00
0.000000e+00
0.000000e+00
0.000000e+00
0.000000e+00
0.000000e+00
0.000000e+00
0.000000e+00
0.000000e+00
0.000000e+00
0.000000e+00
0.000000e+00
0.000000e+00
0.000000e+00
0.000000e+00
0.000000e+00
0.000000e+00
0.000000e+00
0.000000e+00
0.000000e+00
0.000000e+00
0.000000e+00
0.000000e+00
0.000000e+00
0.000000e+00
0.000000e+00
0.000000e+00
0.000000e+00
0.000000e+00
0.000000e+00
0.000000e+00
0.000000e+00
0.000000e+00
0.000000e+00
0.000000e+00
0.000000e+00
0.000000e+00
0.000000e+00
0.000000e+00
0.000000e+00
0.000000e+00
0.000000e+00
0.000000e+00
0.000000e+00
0.000000e+00
0.000000e+00
0.000000e+00
0.000000e+00
0.000000e+00
0.000000e+00
0.000000e+00
0.000000e+00
0.000000e+00
0.000000e+00
1.976111e-100
8.110335e-99
2.515081e-97
6.285718e-96
1.318718e-94
2.388657e-93
3.813213e-92
5.449792e-91
7.059798e-90
8.372785e-89
9.166305e-88
9.327593e-87
8.874646e-86
7.934843e-85
6.696447e-84
5.354855e-83
4.071295e-82
2.952029e-81
2.046898e-80
1.360586e-79
8.689122e-79
5.342252e-78
3.167915e-77
1.814925e-76
1.006135e-75
5.404931e-75
2.817332e-74
1.426710e-73
7.027187e-73
3.370082e-72
1.575241e-71
7.183029e-71
3.198189e-70
1.391538e-69
5.921316e-69
2.465994e-68
1.005813e-67
4.020482e-67
1.575957e-66
6.061378e-66
2.288767e-65
8.489181e-65
3.094449e-64
1.109081e-63
3.910252e-63
1.356745e-62
4.634744e-62
1.559412e-61
5.169755e-61
1.689323e-60
5.443040e-60
1.729829e-59
5.424236e-59
1.678737e-58
5.129386e-58
1.547790e-57
4.613629e-57
1.358856e-56
3.955631e-56
1.138355e-55
3.239388e-55
9.117422e-55
2.538643e-54
6.994320e-54
1.907191e-53
5.147958e-53
1.375792e-52
3.641075e-52
9.544315e-52
2.478422e-51
6.376694e-51
1.625841e-50
4.108592e-50
1.029220e-49
2.556170e-49
6.295091e-49
1.537471e-48
3.724479e-48
8.950272e-48
2.133911e-47
5.048260e-47
1.185185e-46
2.761612e-46
6.387375e-46
1.466612e-45
3.343413e-45
7.568222e-45
1.701269e-44
3.798155e-44
8.422414e-44
1.855272e-43
4.060012e-43
8.827476e-43
1.907107e-42
4.094321e-42
8.735635e-42
1.852466e-41
3.904675e-41
8.181520e-41
1.704245e-40
3.529496e-40
7.267898e-40
1.488171e-39
3.030233e-39
6.136339e-39
1.235899e-38
2.475860e-38
4.933646e-38
9.779950e-38
1.928678e-37
3.784116e-37
7.387153e-37
1.434907e-36
2.773511e-36
5.334827e-36
1.021220e-35
1.945590e-35
3.689259e-35
6.963155e-35
1.308201e-34
2.446621e-34
4.555165e-34
8.443219e-34
1.558115e-33
2.862849e-33
5.237517e-33
9.541132e-33
1.730777e-32
3.126569e-32
5.624700e-32
1.007751e-31
1.798240e-31
3.195950e-31
5.657541e-31
9.975802e-31
1.752172e-30
3.065711e-30
5.343515e-30
9.278547e-30
1.605113e-29
2.766428e-29
4.750462e-29
8.127746e-29
1.385596e-28
2.353690e-28
3.984028e-28
6.720005e-28
1.129547e-27
1.892083e-27
3.158565e-27
5.254923e-27
8.713294e-27
1.439959e-26
2.371823e-26
3.893951e-26
6.372160e-26
1.039399e-25
1.690010e-25
2.739168e-25
4.425694e-25
7.128342e-25
1.144592e-24
1.832225e-24
2.924036e-24
4.652357e-24
7.380059e-24
1.167221e-23
1.840612e-23
2.893991e-23
4.536984e-23
7.092216e-23
1.105479e-22
1.718231e-22
2.663080e-22
4.115924e-22
6.343655e-22
9.750105e-22
1.494462e-21
2.284413e-21
3.482465e-21
5.294550e-21
8.028040e-21
1.214048e-20
1.831116e-20
2.754589e-20
4.133007e-20
6.185167e-20
9.232507e-20
1.374605e-19
2.041424e-19
3.024075e-19
4.468507e-19
6.586425e-19
9.684139e-19
1.420374e-18
2.078170e-18
3.033212e-18
4.416453e-18
6.415046e-18
9.295813e-18
1.343824e-17
1.938074e-17
2.788542e-17
4.002843e-17
5.732579e-17
8.190815e-17
1.167630e-16
1.660694e-16
2.356598e-16
3.336553e-16
4.713380e-16
6.643450e-16
9.343005e-16
1.311040e-15
1.835638e-15
2.564507e-15
3.574962e-15
4.972723e-15
6.902030e-15
9.559244e-15
1.321109e-14
1.821909e-14
2.507216e-14
3.443006e-14
4.718120e-14
6.451927e-14
8.804465e-14
1.198984e-13
1.629389e-13
2.209738e-13
2.990645e-13
4.039251e-13
5.444428e-13
7.323564e-13
9.831392e-13
1.317144e-12
1.761085e-12
2.349956e-12
3.129497e-12
4.159374e-12
5.517252e-12
7.304027e-12
9.650491e-12
1.272585e-11
1.674856e-11
2.200008e-11
2.884228e-11
3.773952e-11
4.928640e-11
6.424278e-11
8.357771e-11
1.085245e-10
1.406498e-10
1.819393e-10
2.349049e-10
3.027179e-10
3.893737e-10
4.998962e-10
6.405893e-10
8.193476e-10
1.046037e-09
1.332964e-09
1.695445e-09
2.152509e-09
2.727744e-09
3.450335e-09
4.356317e-09
5.490093e-09
6.906268e-09
8.671854e-09
1.086892e-08
1.359779e-08
1.698082e-08
2.116696e-08
2.633716e-08
3.271077e-08
4.055320e-08
5.018484e-08
6.199176e-08
7.643812e-08
9.408086e-08
1.155868e-07
1.417527e-07
1.735287e-07
2.120450e-07
2.586436e-07
3.149145e-07
3.827375e-07
4.643297e-07
5.623014e-07
6.797178e-07
8.201717e-07
9.878639e-07
1.187696e-06
1.425372e-06
1.707519e-06
2.041816e-06
2.437139e-06
2.903725e-06
3.453353e-06
4.099544e-06
4.857780e-06
5.745743e-06
6.783579e-06
7.994184e-06
9.403507e-06
1.104088e-05
1.293939e-05
1.513621e-05
1.767304e-05
2.059649e-05
2.395851e-05
2.781683e-05
3.223540e-05
3.728486e-05
4.304293e-05
4.959484e-05
5.703374e-05
6.546106e-05
7.498677e-05
8.572963e-05
9.781736e-05
1.113866e-04
1.265830e-04
1.435607e-04
1.624822e-04
1.835174e-04
2.068430e-04
2.326413e-04
2.610988e-04
2.924041e-04
3.267461e-04
3.643114e-04
4.052811e-04
4.498271e-04
4.981087e-04
5.502675e-04
6.064223e-04
6.666636e-04
7.310467e-04
7.995854e-04
8.722435e-04
9.489272e-04
1.029476e-03
1.113652e-03
1.201132e-03
1.291496e-03
1.384214e-03
1.478637e-03
1.573986e-03
1.669336e-03
1.763610e-03
1.855562e-03
1.943766e-03
2.026610e-03
2.102280e-03
2.168752e-03
2.223784e-03
2.264910e-03
2.289434e-03
2.294424e-03
2.276714e-03
2.232902e-03
2.159353e-03
2.052210e-03
1.907396e-03
1.720632e-03
1.487450e-03
1.203210e-03
8.631297e-04
4.623021e-04
-4.268297e-06
-5.416348e-04
-1.154871e-03
-1.849031e-03
-2.629107e-03
-3.499979e-03
-4.466374e-03
-5.532809e-03
-6.703542e-03
-7.982519e-03
-9.373322e-03
-1.087911e-02
-1.250258e-02
-1.424590e-02
-1.611066e-02
-1.809786e-02
-2.020781e-02
-2.244014e-02
-2.479375e-02
-2.726677e-02
-2.985657e-02
-3.255970e-02
-3.537192e-02
-3.828817e-02
-4.130258e-02
-4.440849e-02
-4.759847e-02
-5.086433e-02
-5.419715e-02
-5.758733e-02
-6.102463e-02
-6.449820e-02
-6.799664e-02
-7.150807e-02
-7.502017e-02
-7.852021e-02
-8.199516e-02
-8.543173e-02
-8.881641e-02
-9.213552e-02
-9.537529e-02
-9.852190e-02
-1.015615e-01
-1.044803e-01
-1.072646e-01
-1.099007e-01
-1.123751e-01
-1.146744e-01
-1.167855e-01
-1.186954e-01
-1.203912e-01
-1.218604e-01
-1.230905e-01
-1.240695e-01
-1.247855e-01
-1.252267e-01
-1.253820e-01
-1.252400e-01
-1.247902e-01
-1.240220e-01
-1.229254e-01
-1.214907e-01
-1.197086e-01
-1.175705e-01
-1.150681e-01
-1.121938e-01
-1.089407e-01
-1.053025e-01
-1.012739e-01
-9.685018e-02
-9.202776e-02
-8.680395e-02
-8.117711e-02
-7.514673e-02
-6.871343e-02
-6.187905e-02
-5.464668e-02
-4.702067e-02
-3.900669e-02
-3.061168e-02
-2.184395e-02
-1.271306e-02
-3.229904e-03
6.593365e-03
1.674335e-02
2.720547e-02
3.796395e-02
4.900192e-02
6.030146e-02
7.184360e-02
8.360846e-02
9.557522e-02
1.077222e-01
1.200270e-01
1.324663e-01
1.450161e-01
1.576519e-01
1.703483e-01
1.830794e-01
1.958187e-01
2.085391e-01
2.212130e-01
2.338121e-01
2.463078e-01
2.586710e-01
2.708719e-01
2.828807e-01
2.946667e-01
3.061994e-01
3.174475e-01
3.283800e-01
3.389653e-01
3.491720e-01
3.589687e-01
3.683238e-01
3.772064e-01
3.855854e-01
3.934306e-01
4.007120e-01
4.074003e-01
4.134671e-01
4.188846e-01
4.236263e-01
4.276664e-01
4.309805e-01
4.335454e-01
4.353392e-01
4.363412e-01
4.365323e-01
4.358949e-01
4.344129e-01
4.320716e-01
4.288581e-01
4.247609e-01
4.197703e-01
4.138782e-01
4.070780e-01
3.993650e-01
3.907360e-01
3.811898e-01
3.707267e-01
3.593488e-01
3.470601e-01
3.338664e-01
3.197755e-01
3.047969e-01
2.889423e-01
2.722253e-01
2.546615e-01
2.362688e-01
2.170668e-01
1.970777e-01
1.763254e-01
1.548362e-01
1.326383e-01
1.097623e-01
8.624039e-02
6.210716e-02
3.739893e-02
1.215392e-02
-1.358786e-02
-3.978472e-02
-6.639336e-02
-9.336899e-02
-1.206654e-01
-1.482352e-01
-1.760295e-01
-2.039988e-01
-2.320921e-01
-2.602578e-01
-2.884434e-01
-3.165957e-01
-3.446608e-01
-3.725842e-01
-4.003110e-01
-4.277858e-01
-4.549530e-01
-4.817564e-01
-5.081399e-01
-5.340473e-01
-5.594223e-01
-5.842087e-01
-6.083504e-01
-6.317920e-01
-6.544780e-01
-6.763539e-01
-6.973657e-01
-7.174603e-01
-7.365857e-01
-7.546909e-01
-7.717262e-01
-7.876435e-01
-8.023962e-01
-8.159394e-01
-8.282301e-01
-8.392272e-01
-8.488918e-01
-8.571871e-01
-8.640787e-01
-8.695344e-01
-8.735246e-01
-8.760221e-01
-8.770024e-01
-8.764434e-01
-8.743257e-01
-8.706327e-01
-8.653504e-01
-8.584677e-01
-8.499762e-01
-8.398704e-01
-8.281477e-01
-8.148084e-01
-7.998558e-01
-7.832962e-01
-7.651391e-01
-7.453969e-01
-7.240854e-01
-7.012234e-01
-6.768330e-01
-6.509397e-01
-6.235719e-01
-5.947616e-01
-5.645437e-01
-5.329567e-01
-5.000418e-01
-4.658437e-01
-4.304097e-01
-3.937905e-01
-3.560394e-01
-3.172123e-01
-2.773680e-01
-2.365677e-01
-1.948750e-01
-1.523557e-01
-1.090780e-01
-6.511180e-02
-2.052916e-02
2.459616e-02
7.018869e-02
1.161714e-01
1.624657e-01
2.089919e-01
2.556687e-01
3.024140e-01
3.491445e-01
3.957762e-01
4.422240e-01
4.884026e-01
5.342260e-01
5.796079e-01
6.244619e-01
6.687017e-01
7.122411e-01
7.549943e-01
7.968763e-01
8.378026e-01
8.776899e-01
9.164560e-01
9.540202e-01
9.903032e-01
1.025228e+00
1.058718e+00
1.090700e+00
1.121104e+00
1.149859e+00
1.176900e+00
1.202164e+00
1.225588e+00
1.247115e+00
1.266690e+00
1.284261e+00
1.299778e+00
1.313195e+00
1.324471e+00
1.333567e+00
1.340447e+00
1.345079e+00
1.347437e+00
1.347494e+00
1.345233e+00
1.340636e+00
1.333691e+00
1.324392e+00
1.312735e+00
1.298720e+00
1.282354e+00
1.263646e+00
1.242611e+00
1.219267e+00
1.193638e+00
1.165752e+00
1.135641e+00
1.103340e+00
1.068891e+00
1.032340e+00
9.937334e-01
9.531261e-01
9.105745e-01
8.661395e-01
8.198857e-01
7.718813e-01
7.221981e-01
6.709113e-01
6.180995e-01
5.638447e-01
5.082318e-01
4.513490e-01
3.932873e-01
3.341404e-01
2.740050e-01
2.129800e-01
1.511668e-01
8.866895e-02
2.559209e-02
-3.795640e-02
-1.018675e-01
-1.660308e-01
-2.303347e-01
-2.946667e-01
-3.589134e-01
-4.229612e-01
-4.866960e-01
-5.500038e-01
-6.127705e-01
-6.748829e-01
-7.362279e-01
-7.966936e-01
-8.561688e-01
-9.145438e-01
-9.717099e-01
-1.027560e+00
-1.081990e+00
-1.134896e+00
-1.186176e+00
-1.235732e+00
-1.283468e+00
-1.329290e+00
-1.373107e+00
-1.414830e+00
-1.454376e+00
-1.491663e+00
-1.526613e+00
-1.559153e+00
-1.589212e+00
-1.616725e+00
-1.641630e+00
-1.663870e+00
-1.683392e+00
-1.700150e+00
-1.714099e+00
-1.725201e+00
-1.733425e+00
-1.738741e+00
-1.741126e+00
-1.740564e+00
-1.737041e+00
-1.730550e+00
-1.721089e+00
-1.708660e+00
-1.693273e+00
-1.674941e+00
-1.653682e+00
-1.629521e+00
-1.602486e+00
-1.572612e+00
-1.539939e+00
-1.504511e+00
-1.466378e+00
-1.425594e+00
-1.382221e+00
-1.336321e+00
-1.287966e+00
-1.237228e+00
-1.184188e+00
-1.128929e+00
-1.071538e+00
-1.012107e+00
-9.507334e-01
-8.875155e-01
-8.225574e-01
-7.559658e-01
-6.878509e-01
-6.183258e-01
-5.475065e-01
-4.755115e-01
-4.024618e-01
-3.284806e-01
-2.536929e-01
-1.782256e-01
-1.022073e-01
-2.576773e-02
5.096207e-02
1.278501e-01
2.047638e-01
2.815699e-01
3.581349e-01
4.343254e-01
5.100078e-01
5.850495e-01
6.593181e-01
7.326825e-01
8.050125e-01
8.761797e-01
9.460571e-01
1.014520e+00
1.081446e+00
1.146714e+00
1.210208e+00
1.271812e+00
1.331417e+00
1.388912e+00
1.444196e+00
1.497166e+00
1.547726e+00
1.595783e+00
1.641249e+00
1.684040e+00
1.724077e+00
1.761284e+00
1.795591e+00
1.826933e+00
1.855250e+00
1.880487e+00
1.902594e+00
1.921527e+00
1.937247e+00
1.949721e+00
1.958921e+00
1.964826e+00
1.967419e+00
1.966691e+00
1.962638e+00
1.955261e+00
1.944569e+00
1.930576e+00
1.913300e+00
1.892769e+00
1.869013e+00
1.842069e+00
1.811981e+00
1.778797e+00
1.742571e+00
1.703361e+00
1.661233e+00
1.616257e+00
1.568506e+00
1.518061e+00
1.465005e+00
1.409429e+00
1.351425e+00
1.291092e+00
1.228531e+00
1.163849e+00
1.097156e+00
1.028565e+00
9.581944e-01
8.861643e-01
8.125984e-01
7.376231e-01
6.613677e-01
5.839635e-01
5.055441e-01
4.262449e-01
3.462029e-01
2.655562e-01
1.844441e-01
1.030068e-01
2.138469e-02
-6.028129e-02
-1.418503e-01
-2.231817e-01
-3.041352e-01
-3.845715e-01
-4.643519e-01
-5.433390e-01
-6.213968e-01
-6.983908e-01
-7.741884e-01
-8.486590e-01
-9.216744e-01
-9.931090e-01
-1.062840e+00
-1.130747e+00
-1.196713e+00
-1.260626e+00
-1.322375e+00
-1.381856e+00
-1.438966e+00
-1.493609e+00
-1.545691e+00
-1.595125e+00
-1.641827e+00
-1.685719e+00
-1.726728e+00
-1.764786e+00
-1.799830e+00
-1.831803e+00
-1.860653e+00
-1.886333e+00
-1.908803e+00
-1.928027e+00
-1.943977e+00
-1.956629e+00
-1.965964e+00
-1.971971e+00
-1.974644e+00
-1.973981e+00
-1.969989e+00
-1.962679e+00
-1.952068e+00
-1.938179e+00
-1.921042e+00
-1.900690e+00
-1.877165e+00
-1.850512e+00
-1.820782e+00
-1.788034e+00
-1.752328e+00
-1.713732e+00
-1.672319e+00
-1.628166e+00
-1.581354e+00
-1.531970e+00
-1.480105e+00
-1.425853e+00
-1.369313e+00
-1.310587e+00
-1.249782e+00
-1.187007e+00
-1.122375e+00
-1.056002e+00
-9.880051e-01
-9.185067e-01
-8.476300e-01
-7.755009e-01
-7.022472e-01
-6.279983e-01
-5.528853e-01
-4.770404e-01
-4.005970e-01
-3.236891e-01
-2.464513e-01
-1.690182e-01
-9.152473e-02
-1.410523e-02
6.310641e-02
1.399771e-01
2.163749e-01
2.921690e-01
3.672303e-01
4.414312e-01
5.146464e-01
5.867524e-01
6.576283e-01
7.271557e-01
7.952189e-01
8.617051e-01
9.265047e-01
9.895114e-01
1.050622e+00
1.109738e+00
1.166763e+00
1.221606e+00
1.274180e+00
1.324402e+00
1.372193e+00
1.417480e+00
1.460192e+00
1.500267e+00
1.537645e+00
1.572271e+00
1.604097e+00
1.633078e+00
1.659177e+00
1.682359e+00
1.702598e+00
1.719871e+00
1.734160e+00
1.745454e+00
1.753747e+00
1.759036e+00
1.761326e+00
1.760627e+00
1.756953e+00
1.750324e+00
1.740765e+00
1.728305e+00
1.712980e+00
1.694829e+00
1.673898e+00
1.650236e+00
1.623896e+00
1.594939e+00
1.563427e+00
1.529427e+00
1.493012e+00
1.454258e+00
1.413243e+00
1.370052e+00
1.324770e+00
1.277489e+00
1.228300e+00
1.177300e+00
1.124588e+00
1.070265e+00
1.014433e+00
9.571995e-01
8.986705e-01
8.389555e-01
7.781649e-01
7.164108e-01
6.538060e-01
5.904645e-01
5.265009e-01
4.620304e-01
3.971684e-01
3.320305e-01
2.667320e-01
2.013883e-01
1.361137e-01
7.102203e-02
6.226146e-03
-5.816242e-02
-1.220335e-01
-1.852787e-01
-2.477914e-01
-3.094668e-01
-3.702027e-01
-4.298990e-01
-4.884584e-01
-5.457860e-01
-6.017901e-01
-6.563817e-01
-7.094752e-01
-7.609880e-01
-8.108409e-01
-8.589584e-01
-9.052682e-01
-9.497019e-01
-9.921951e-01
-1.032687e+00
-1.071120e+00
-1.107443e+00
-1.141606e+00
-1.173566e+00
-1.203282e+00
-1.230718e+00
-1.255845e+00
-1.278634e+00
-1.299063e+00
-1.317116e+00
-1.332778e+00
-1.346040e+00
-1.356899e+00
-1.365355e+00
-1.371411e+00
-1.375077e+00
-1.376366e+00
-1.375294e+00
-1.371884e+00
-1.366159e+00
-1.358150e+00
-1.347890e+00
-1.335415e+00
-1.320765e+00
-1.303986e+00
-1.285124e+00
-1.264231e+00
-1.241361e+00
-1.216572e+00
-1.189923e+00
-1.161480e+00
-1.131307e+00
-1.099474e+00
-1.066053e+00
-1.031117e+00
-9.947423e-01
-9.570065e-01
-9.179895e-01
-8.777727e-01
-8.364389e-01
-7.940720e-01
-7.507571e-01
-7.065803e-01
-6.616284e-01
-6.159886e-01
-5.697487e-01
-5.229967e-01
-4.758207e-01
-4.283088e-01
-3.805487e-01
-3.326280e-01
-2.846337e-01
-2.366522e-01
-1.887690e-01
-1.410686e-01
-9.363453e-02
-4.654903e-02
1.071841e-04
4.625492e-02
9.181674e-02
1.367171e-01
1.808824e-01
2.242414e-01
2.667248e-01
3.082661e-01
3.488010e-01
3.882680e-01
4.266080e-01
4.637650e-01
4.996856e-01
5.343194e-01
5.676187e-01
5.995391e-01
6.300390e-01
6.590799e-01
6.866265e-01
7.126465e-01
7.371108e-01
7.599936e-01
7.812722e-01
8.009272e-01
8.189424e-01
8.353049e-01
8.500053e-01
8.630370e-01
8.743972e-01
8.840860e-01
8.921067e-01
8.984660e-01
9.031734e-01
9.062418e-01
9.076867e-01
9.075267e-01
9.057831e-01
9.024801e-01
8.976444e-01
8.913051e-01
8.834939e-01
8.742450e-01
8.635945e-01
8.515809e-01
8.382447e-01
8.236284e-01
8.077764e-01
7.907348e-01
7.725516e-01
7.532761e-01
7.329594e-01
7.116537e-01
6.894126e-01
6.662908e-01
6.423441e-01
6.176289e-01
5.922026e-01
5.661230e-01
5.394486e-01
5.122379e-01
4.845499e-01
4.564433e-01
4.279771e-01
3.992099e-01
3.702000e-01
3.410053e-01
3.116832e-01
2.822905e-01
2.528833e-01
2.235168e-01
1.942455e-01
1.651228e-01
1.362011e-01
1.075316e-01
7.916440e-02
5.114812e-02
2.353011e-02
-3.643778e-03
-3.032929e-02
-5.648379e-02
-8.206640e-02
-1.070380e-01
-1.313614e-01
-1.550013e-01
-1.779244e-01
-2.000993e-01
-2.214969e-01
-2.420900e-01
-2.618534e-01
-2.807644e-01
-2.988020e-01
-3.159476e-01
-3.321844e-01
-3.474980e-01
-3.618758e-01
-3.753076e-01
-3.877849e-01
-3.993015e-01
-4.098531e-01
-4.194374e-01
-4.280542e-01
-4.357051e-01
-4.423938e-01
-4.481260e-01
-4.529091e-01
-4.567524e-01
-4.596672e-01
-4.616664e-01
-4.627647e-01
-4.629784e-01
-4.623253e-01
-4.608249e-01
-4.584980e-01
-4.553667e-01
-4.514544e-01
-4.467857e-01
-4.413863e-01
-4.352828e-01
-4.285028e-01
-4.210746e-01
-4.130277e-01
-4.043917e-01
-3.951973e-01
-3.854756e-01
-3.752583e-01
-3.645773e-01
-3.534651e-01
-3.419544e-01
-3.300782e-01
-3.178697e-01
-3.053620e-01
-2.925884e-01
-2.795819e-01
-2.663755e-01
-2.530019e-01
-2.394934e-01
-2.258820e-01
-2.121992e-01
-1.984758e-01
-1.847420e-01
-1.710274e-01
-1.573608e-01
-1.437702e-01
-1.302827e-01
-1.169246e-01
-1.037213e-01
-9.069729e-02
-7.787594e-02
-6.527978e-02
-5.293029e-02
-4.084792e-02
-2.905205e-02
-1.756101e-02
-6.391978e-03
4.438964e-03
1.491691e-02
2.502814e-02
3.476013e-02
4.410158e-02
5.304244e-02
6.157389e-02
6.968837e-02
7.737954e-02
8.464232e-02
9.147281e-02
9.786833e-02
1.038273e-01
1.093494e-01
1.144352e-01
1.190864e-01
1.233058e-01
1.270971e-01
1.304649e-01
1.334146e-01
1.359528e-01
1.380865e-01
1.398239e-01
1.411736e-01
1.421452e-01
1.427489e-01
1.429956e-01
1.428968e-01
1.424648e-01
1.417122e-01
1.406524e-01
1.392989e-01
1.376660e-01
1.357682e-01
1.336203e-01
1.312373e-01
1.286345e-01
1.258273e-01
1.228310e-01
1.196612e-01
1.163332e-01
1.128624e-01
1.092639e-01
1.055528e-01
1.017440e-01
9.785208e-02
9.389139e-02
8.987606e-02
8.581993e-02
8.173648e-02
7.763889e-02
7.353996e-02
6.945211e-02
6.538734e-02
6.135720e-02
5.737275e-02
5.344455e-02
4.958262e-02
4.579639e-02
4.209472e-02
3.848581e-02
3.497726e-02
3.157599e-02
2.828826e-02
2.511970e-02
2.207524e-02
1.915920e-02
1.637525e-02
1.372645e-02
1.121525e-02
8.843543e-03
6.612653e-03
4.523373e-03
2.575974e-03
7.702261e-04
-8.945916e-04
-2.419676e-03
-3.806691e-03
-5.057759e-03
-6.175449e-03
-7.162766e-03
-8.023139e-03
-8.760408e-03
-9.378798e-03
-9.882901e-03
-1.027765e-02
-1.056827e-02
-1.076029e-02
-1.085942e-02
-1.087159e-02
-1.080288e-02
-1.065946e-02
-1.044756e-02
-1.017345e-02
-9.843358e-03
-9.463483e-03
-9.039938e-03
-8.578736e-03
-8.085764e-03
-7.566767e-03
-7.027335e-03
-6.472886e-03
-5.908658e-03
-5.339697e-03
-4.770839e-03
-4.206706e-03
-3.651680e-03
-3.109894e-03
-2.585206e-03
-2.081183e-03
-1.601077e-03
-1.147806e-03
-7.239299e-04
-3.316369e-04
2.727248e-05
3.513954e-04
6.397313e-04
8.916808e-04
1.107039e-03
1.285984e-03
1.429056e-03
1.537138e-03
1.611424e-03
1.653395e-03
1.664783e-03
1.647539e-03
1.603801e-03
1.535865e-03
1.446151e-03
1.337179e-03
1.211545e-03
1.071892e-03
9.208951e-04
7.612367e-04
5.955893e-04
4.265942e-04
2.568411e-04
8.884593e-05
-7.497281e-05
-2.323197e-04
-3.810491e-04
-5.191932e-04
-6.449901e-04
-7.569109e-04
-8.536855e-04
-9.343250e-04
-9.981392e-04
-1.044750e-03
-1.074096e-03
-1.086434e-03
-1.082329e-03
-1.062639e-03
-1.028491e-03
-9.812526e-04
-9.224969e-04
-8.539625e-04
-7.775114e-04
-6.950850e-04
-6.086603e-04
-5.202070e-04
-4.316473e-04
-3.448195e-04
-2.614453e-04
-1.831020e-04
-1.112000e-04
-4.696413e-05
8.579624e-06
5.461370e-05
9.053483e-05
1.159568e-04
1.307103e-04
1.348409e-04
1.286045e-04
1.124604e-04
8.706278e-05
5.324931e-05
1.202678e-05
-3.544625e-05
-8.788035e-05
-1.438800e-04
-2.019724e-04
-2.606392e-04
-3.183528e-04
-3.736139e-04
-4.249916e-04
-4.711631e-04
-5.109532e-04
-5.433700e-04
-5.676372e-04
-5.832206e-04
-5.898466e-04
-5.875132e-04
-5.764912e-04
-5.573164e-04
-5.307715e-04
-4.978597e-04
-4.597697e-04
-4.178340e-04
-3.734823e-04
-3.281910e-04
-2.834329e-04
-2.406263e-04
-2.010880e-04
-1.659912e-04
-1.363292e-04
-1.128869e-04
-9.622114e-05
-8.664941e-05
-8.424745e-05
-8.885555e-05
-1.000924e-04
-1.173760e-04
-1.399496e-04
-1.669128e-04
-1.972547e-04
-2.298896e-04
-2.636927e-04
-2.975353e-04
-3.303184e-04
-3.610046e-04
-3.886466e-04
-4.124122e-04
-4.316068e-04
-4.456907e-04
-4.542930e-04
-4.572211e-04
-4.544655e-04
-4.462003e-04
-4.327782e-04
-4.147212e-04
-3.927056e-04
-3.675426e-04
-3.401536e-04
-3.115410e-04
-2.827553e-04
-2.548590e-04
-2.288890e-04
-2.058171e-04
-1.865125e-04
-1.717063e-04
-1.619597e-04
-1.576382e-04
-1.588929e-04
-1.656503e-04
-1.776112e-04
-1.942595e-04
-2.148808e-04
-2.385911e-04
-2.643722e-04
-2.911161e-04
-3.176728e-04
-3.429018e-04
-3.657234e-04
-3.851682e-04
-4.004216e-04
-4.108612e-04
-4.160857e-04
-4.159326e-04
-4.104849e-04
-4.000660e-04
-3.852224e-04
-3.666960e-04
-3.453874e-04
-3.223114e-04
-2.985478e-04
-2.751889e-04
-2.532884e-04
-2.338122e-04
-2.175945e-04
-2.053012e-04
-1.974025e-04
-1.941554e-04
-1.955964e-04
-2.015458e-04
-2.116214e-04
-2.252621e-04
-2.417582e-04
-2.602887e-04
-2.799619e-04
-2.998581e-04
-3.190724e-04
-3.367546e-04
-3.521460e-04
-3.646102e-04
-3.736579e-04
-3.789643e-04
-3.803780e-04
-3.779236e-04
-3.717953e-04
-3.623446e-04
-3.500612e-04
-3.355490e-04
-3.194983e-04
-3.026546e-04
-2.857863e-04
-2.696516e-04
-2.549670e-04
-2.423771e-04
-2.324282e-04
-2.255453e-04
-2.220144e-04
-2.219708e-04
-2.253928e-04
-2.321021e-04
-2.417712e-04
-2.539368e-04
-2.680193e-04
-2.833479e-04
-2.991905e-04
-3.147864e-04
-3.293819e-04
-3.422660e-04
-3.528048e-04
-3.604738e-04
-3.648852e-04
-3.658097e-04
-3.631902e-04
-3.571484e-04
-3.479811e-04
-3.361484e-04
-3.222526e-04
-3.070090e-04
-2.912103e-04
-2.756856e-04
-2.612564e-04
-2.486929e-04
-2.386709e-04
-2.317338e-04
-2.282615e-04
-2.284467e-04
-2.322826e-04
-2.395612e-04
-2.498826e-04
-2.626759e-04
-2.772305e-04
-2.927348e-04
-3.083221e-04
-3.231198e-04
-3.362994e-04
-3.471244e-04
-3.549930e-04
-3.594732e-04
-3.603282e-04
-3.575300e-04
-3.512614e-04
-3.419046e-04
-3.300185e-04
-3.163056e-04
-3.015700e-04
-2.866699e-04
-2.724664e-04
-2.597730e-04
-2.493077e-04
-2.416517e-04
-2.372157e-04
-2.362175e-04
-2.386712e-04
-2.443881e-04
-2.529906e-04
-2.639368e-04
-2.765547e-04
-2.900839e-04
-3.037217e-04
-3.166715e-04
-3.281899e-04
-3.376296e-04
-3.444763e-04
-3.483766e-04
-3.491563e-04
-3.468269e-04
-3.415819e-04
-3.337813e-04
-3.239277e-04
-3.126335e-04
-3.005826e-04
-2.884895e-04
-2.770561e-04
-2.669315e-04
-2.586754e-04
-2.527273e-04
-2.493840e-04
-2.487856e-04
-2.509109e-04
-2.555825e-04
-2.624805e-04
-2.711640e-04
-2.810994e-04
-2.916923e-04
-3.023236e-04
-3.123842e-04
-3.213100e-04
-3.286124e-04
-3.339044e-04
-3.369199e-04
-3.375266e-04
-3.357304e-04
-3.316727e-04
-3.256199e-04
-3.179465e-04
-3.091123e-04
-2.996358e-04
-2.900643e-04
-2.809436e-04
-2.727874e-04
-2.660493e-04
-2.610988e-04
-2.582009e-04
-2.575027e-04
-2.590262e-04
-2.626674e-04
-2.682033e-04
-2.753041e-04
-2.835523e-04
-2.924664e-04
-3.015275e-04
-3.102091e-04
-3.180066e-04
-3.244662e-04
-3.292110e-04
-3.319630e-04
-3.325596e-04
-3.309641e-04
-3.272684e-04
-3.216887e-04
-3.145541e-04
-3.062882e-04
-2.973848e-04
-2.883792e-04
-2.798166e-04
-2.722196e-04
-2.660560e-04
-2.617099e-04
-2.594575e-04
-2.594482e-04
-2.616942e-04
-2.660683e-04
-2.723095e-04
-2.800379e-04
-2.887769e-04
-2.979822e-04
-3.070751e-04
-3.154790e-04
-3.226560e-04
-3.281418e-04
-3.315765e-04
-3.327287e-04
-3.315124e-04
-3.279935e-04
-3.223880e-04
-3.150489e-04
-3.064450e-04
-2.971309e-04
-2.877118e-04
-2.788040e-04
-2.709938e-04
-2.647991e-04
-2.606340e-04
-2.587802e-04
-2.593678e-04
-2.623646e-04
-2.675779e-04
-2.746659e-04
-2.831597e-04
-2.924944e-04
-3.020465e-04
-3.111758e-04
-3.192687e-04
-3.257800e-04
-3.302702e-04
-3.324358e-04
-3.321307e-04
-3.293762e-04
-3.243605e-04
-3.174260e-04
-3.090458e-04
-2.997923e-04
-2.902971e-04
-2.812081e-04
-2.731448e-04
-2.666556e-04
-2.621798e-04
-2.600178e-04
-2.603096e-04
-2.630263e-04
-2.679717e-04
-2.747963e-04
-2.830222e-04
-2.920764e-04
-3.013308e-04
-3.101462e-04
-3.179168e-04
-3.241121e-04
-3.283138e-04
-3.302441e-04
-3.297846e-04
-3.269837e-04
-3.220522e-04
-3.153478e-04
-3.073488e-04
-2.986204e-04
-2.897745e-04
-2.814260e-04
-2.741505e-04
-2.684440e-04
-2.646888e-04
-2.631275e-04
-2.638477e-04
-2.667768e-04
-2.716887e-04
-2.782211e-04
-2.859021e-04
-2.941847e-04
-3.024854e-04
-3.102259e-04
-3.168734e-04
-3.219774e-04
-3.252005e-04
-3.263406e-04
-3.253437e-04
-3.223055e-04
-3.174634e-04
-3.111774e-04
-3.039043e-04
-2.961635e-04
-2.885003e-04
-2.814474e-04
-2.754877e-04
-2.710212e-04
-2.683381e-04
-2.676004e-04
-2.688318e-04
-2.719188e-04
-2.766201e-04
-2.825853e-04
-2.893815e-04
-2.965243e-04
-3.035123e-04
-3.098627e-04
-3.151441e-04
-3.190061e-04
-3.212024e-04
-3.216059e-04
-3.202158e-04
-3.171559e-04
-3.126635e-04
-3.070716e-04
-3.007838e-04
-2.942456e-04
-2.879127e-04
-2.822194e-04
-2.775489e-04
-2.742079e-04
-2.724066e-04
-2.722455e-04
-2.737110e-04
-2.766774e-04
-2.809181e-04
-2.861222e-04
-2.919176e-04
-2.978973e-04
-3.036478e-04
-3.087777e-04
-3.129439e-04
-3.158743e-04
-3.173853e-04
-3.173933e-04
-3.159181e-04
-3.130809e-04
-3.090939e-04
-3.042451e-04
-2.988771e-04
-2.933636e-04
-2.880833e-04
-2.833942e-04
-2.796097e-04
-2.769778e-04
-2.756655e-04
-2.757478e-04
-2.772041e-04
-2.799209e-04
-2.836999e-04
-2.882726e-04
-2.933194e-04
-2.984910e-04
-3.034330e-04
-3.078095e-04
-3.113258e-04
-3.137479e-04
-3.149180e-04
-3.147645e-04
-3.133066e-04
-3.106522e-04
-3.069903e-04
-3.025774e-04
-2.977204e-04
-2.927551e-04
-2.880236e-04
-2.838506e-04
-2.805217e-04
-2.782639e-04
-2.772300e-04
-2.774886e-04
-2.790190e-04
-2.817130e-04
-2.853822e-04
-2.897708e-04
-2.945732e-04
-2.994549e-04
-3.040757e-04
-3.081131e-04
-3.112845e-04
-3.133674e-04
-3.142148e-04
-3.137653e-04
-3.120487e-04
-3.091835e-04
-3.053691e-04
-3.008727e-04
-2.960105e-04
-2.911258e-04
-2.865648e-04
-2.826525e-04
-2.796694e-04
-2.778311e-04
-2.772731e-04
-2.780400e-04
-2.800822e-04
-2.832585e-04
-2.873457e-04
-2.920538e-04
-2.970466e-04
-3.019654e-04
-3.064547e-04
-3.101877e-04
-3.128906e-04
-3.143622e-04
-3.144897e-04
-3.132571e-04
-3.107475e-04
-3.071374e-04
-3.026850e-04
-2.977117e-04
-2.925790e-04
-2.876626e-04
-2.833246e-04
-2.798869e-04
-2.776073e-04
-2.766597e-04
-2.771208e-04
-2.789638e-04
-2.820591e-04
-2.861838e-04
-2.910371e-04
-2.962623e-04
-3.014727e-04
-3.062805e-04
-3.103255e-04
-3.133025e-04
-3.149841e-04
-3.152386e-04
-3.140404e-04
-3.114728e-04
-3.077220e-04
-3.030645e-04
-2.978462e-04
-2.924572e-04
-2.873022e-04
-2.827708e-04
-2.792069e-04
-2.768835e-04
-2.759808e-04
-2.765724e-04
-2.786190e-04
-2.819708e-04
-2.863784e-04
-2.915109e-04
-2.969811e-04
-3.023744e-04
-3.072806e-04
-3.113247e-04
-3.141962e-04
-3.156730e-04
-3.156386e-04
-3.140917e-04
-3.111464e-04
-3.070244e-04
-3.020383e-04
-2.965677e-04
-2.910304e-04
-2.858508e-04
-2.814265e-04
-2.780986e-04
-2.761244e-04
-2.756580e-04
-2.767374e-04
-2.792820e-04
-2.830979e-04
-2.878928e-04
-2.932986e-04
-2.988992e-04
-3.042627e-04
-3.089750e-04
-3.126719e-04
-3.150669e-04
-3.159744e-04
-3.153234e-04
-3.131637e-04
-3.096621e-04
-3.050895e-04
-2.998001e-04
-2.942039e-04
-2.887351e-04
-2.838177e-04
-2.798334e-04
-2.770911e-04
-2.758033e-04
-2.760691e-04
-2.778668e-04
-2.810553e-04
-2.853854e-04
-2.905187e-04
-2.960546e-04
-3.015614e-04
-3.066100e-04
-3.108074e-04
-3.138274e-04
-3.154362e-04
-3.155106e-04
-3.140475e-04
-3.111638e-04
-3.070877e-04
-3.021401e-04
-2.967096e-04
-2.912220e-04
-2.861068e-04
-2.817633e-04
-2.785297e-04
-2.766564e-04
-2.762866e-04
-2.774451e-04
-2.800369e-04
-2.838547e-04
-2.885955e-04
-2.938845e-04
-2.993050e-04
-3.044312e-04
-3.088616e-04
-3.122507e-04
-3.143358e-04
-3.149578e-04
-3.140731e-04
-3.117568e-04
-3.081965e-04
-3.036770e-04
-2.985576e-04
-2.932435e-04
-2.881537e-04
-2.836880e-04
-2.801952e-04
-2.779463e-04
-2.771128e-04
-2.777541e-04
-2.798128e-04
-2.831202e-04
-2.874096e-04
-2.923382e-04
-2.975140e-04
-3.025276e-04
-3.069844e-04
-3.105354e-04
-3.129052e-04
-3.139128e-04
-3.134859e-04
-3.116660e-04
-3.086043e-04
-3.045495e-04
-2.998275e-04
-2.948153e-04
-2.899104e-04
-2.855000e-04
-2.819297e-04
-2.794770e-04
-2.783289e-04
-2.785684e-04
-2.801681e-04
-2.829930e-04
-2.868119e-04
-2.913163e-04
-2.961456e-04
-3.009154e-04
-3.052485e-04
-3.088049e-04
-3.113080e-04
-3.125669e-04
-3.124901e-04
-3.110930e-04
-3.084952e-04
-3.049109e-04
-3.006308e-04
-2.959990e-04
-2.913850e-04
-2.871542e-04
-2.836391e-04
-2.811131e-04
-2.797691e-04
-2.797049e-04
-2.809160e-04
-2.832968e-04
-2.866498e-04
-2.907017e-04
-2.951258e-04
-2.995686e-04
-3.036774e-04
-3.071292e-04
-3.096554e-04
-3.110629e-04
-3.112490e-04
-3.102089e-04
-3.080349e-04
-3.049087e-04
-3.010860e-04
-2.968759e-04
-2.926155e-04
-2.886433e-04
-2.852719e-04
-2.827638e-04
-2.813106e-04
-2.810187e-04
-2.819013e-04
-2.838783e-04
-2.867833e-04
-2.903779e-04
-2.943707e-04
-2.984416e-04
-3.022669e-04
-3.055452e-04
-3.080212e-04
-3.095057e-04
-3.098898e-04
-3.091529e-04
-3.073636e-04
-3.046733e-04
-3.013037e-04
-2.975283e-04
-2.936503e-04
-2.899782e-04
-2.868015e-04
-2.843675e-04
-2.828623e-04
-2.823967e-04
-2.829979e-04
-2.846082e-04
-2.870903e-04
-2.902391e-04
-2.937988e-04
-2.974830e-04
-3.009985e-04
-3.040682e-04
-3.064528e-04
-3.079699e-04
-3.085075e-04
-3.080324e-04
-3.065919e-04
-3.043095e-04
-3.013741e-04
-2.980246e-04
-2.945302e-04
-2.911693e-04
-2.882066e-04
-2.858729e-04
-2.843468e-04
-2.837411e-04
-2.840947e-04
-2.853700e-04
-2.874570e-04
-2.901821e-04
-2.933233e-04
-2.966276e-04
-2.998316e-04
-3.026824e-04
-3.049577e-04
-3.064826e-04
-3.071436e-04
-3.068963e-04
-3.057689e-04
-3.038586e-04
-3.013237e-04
-2.983701e-04
-2.952347e-04
-2.921667e-04
-2.894070e-04
-2.871700e-04
-2.856266e-04
-2.848910e-04
-2.850124e-04
-2.859718e-04
-2.876842e-04
-2.900055e-04
-2.927452e-04
-2.956812e-04
-2.985781e-04
-3.012056e-04
-3.033568e-04
-3.048639e-04
-3.056118e-04
-3.055459e-04
-3.046760e-04
-3.030751e-04
-3.008730e-04
-2.982453e-04
-2.953991e-04
-2.925569e-04
-2.899380e-04
-2.877421e-04
-2.861332e-04
-2.852273e-04
-2.850835e-04
-2.856998e-04
-2.870142e-04
-2.889094e-04
-2.912233e-04
-2.937614e-04
-2.963128e-04
-2.986670e-04
-3.006298e-04
-3.020393e-04
-3.027774e-04
-3.027796e-04
-3.020387e-04
-3.006056e-04
-2.985844e-04
-2.961239e-04
-2.934055e-04
-2.906287e-04
-2.879952e-04
-2.856931e-04
-2.838824e-04
-2.826824e-04
-2.821628e-04
-2.823386e-04
-2.831694e-04
-2.845630e-04
-2.863832e-04
-2.884608e-04
-2.906070e-04
-2.926291e-04
-2.943450e-04
-2.955983e-04
-2.962701e-04
-2.962886e-04
-2.956346e-04
-2.943428e-04
-2.924993e-04
-2.902349e-04
-2.877146e-04
-2.851253e-04
-2.826614e-04
-2.805099e-04
-2.788365e-04
-2.777734e-04
-2.774098e-04
-2.777858e-04
-2.788909e-04
-2.806656e-04
-2.830074e-04
-2.857807e-04
-2.888287e-04
-2.919870e-04
-2.950984e-04
-2.980272e-04
-3.006709e-04
-3.029708e-04
-3.049182e-04
-3.065576e-04
-3.079852e-04
-3.093438e-04
-3.108147e-04
-3.126062e-04
-3.149402e-04
-3.180387e-04
-3.221098e-04
-3.273356e-04
-3.338621e-04
-3.417925e-04
-3.511841e-04
-3.620490e-04
-3.743589e-04
-3.880530e-04
-4.030496e-04
-4.192586e-04
-4.365958e-04
-4.549968e-04
-4.744298e-04
-4.949059e-04
-5.164869e-04
-5.392887e-04
-5.634820e-04
-5.892876e-04
-6.169697e-04
-6.468246e-04
-6.791686e-04
-7.143239e-04
-7.526047e-04
-7.943043e-04
-8.396844e-04
-8.889668e-04
-9.423291e-04
-9.999040e-04
-1.061783e-03
-1.128021e-03
-1.198650e-03
-1.273689e-03
-1.353156e-03
-1.437083e-03
-1.525530e-03
-1.618592e-03
-1.716409e-03
-1.819169e-03
-1.927108e-03
-2.040508e-03
-2.159685e-03
-2.284981e-03
-2.416752e-03
-2.555346e-03
-2.701098e-03
-2.854305e-03
-3.015221e-03
-3.184043e-03
-3.360905e-03
-3.545877e-03
-3.738964e-03
-3.940111e-03
-4.149217e-03
-4.366135e-03
-4.590696e-03
-4.822711e-03
-5.061993e-03
-5.308356e-03
-5.561632e-03
-5.821666e-03
-6.088323e-03
-6.361476e-03
-6.641005e-03
-6.926777e-03
-7.218638e-03
-7.516393e-03
-7.819794e-03
-8.128518e-03
-8.442159e-03
-8.760214e-03
-9.082080e-03
-9.407046e-03
-9.734298e-03
-1.006293e-02
-1.039193e-02
-1.072023e-02
-1.104670e-02
-1.137015e-02
-1.168935e-02
-1.200308e-02
-1.231009e-02
-1.260912e-02
-1.289893e-02
-1.317825e-02
-1.344582e-02
-1.370037e-02
-1.394059e-02
-1.416512e-02
-1.437259e-02
-1.456152e-02
-1.473038e-02
-1.487757e-02
-1.500140e-02
-1.510012e-02
-1.517189e-02
-1.521484e-02
-1.522705e-02
-1.520659e-02
-1.515152e-02
-1.505996e-02
-1.493003e-02
-1.475996e-02
-1.454805e-02
-1.429269e-02
-1.399239e-02
-1.364577e-02
-1.325156e-02
-1.280859e-02
-1.231581e-02
-1.177225e-02
-1.117705e-02
-1.052941e-02
-9.828622e-03
-9.074043e-03
-8.265114e-03
-7.401360e-03
-6.482400e-03
-5.507967e-03
-4.477922e-03
-3.392275e-03
-2.251210e-03
-1.055102e-03
1.954585e-04
1.499651e-03
2.856413e-03
4.264430e-03
5.722132e-03
7.227701e-03
8.779072e-03
1.037395e-02
1.200982e-02
1.368399e-02
1.539355e-02
1.713545e-02
1.890651e-02
2.070339e-02
2.252264e-02
2.436070e-02
2.621387e-02
2.807838e-02
2.995028e-02
3.182553e-02
3.369996e-02
3.556923e-02
3.742886e-02
3.927424e-02
4.110061e-02
4.290305e-02
4.467655e-02
4.641597e-02
4.811611e-02
4.977169e-02
5.137745e-02
5.292809e-02
5.441837e-02
5.584314e-02
5.719730e-02
5.847590e-02
5.967412e-02
6.078727e-02
6.181083e-02
6.274044e-02
6.357187e-02
6.430106e-02
6.492409e-02
6.543720e-02
6.583672e-02
6.611917e-02
6.628118e-02
6.631952e-02
6.623114e-02
6.601315e-02
6.566286e-02
6.517780e-02
6.455574e-02
6.379471e-02
6.289305e-02
6.184938e-02
6.066269e-02
5.933227e-02
5.785777e-02
5.623920e-02
5.447690e-02
5.257153e-02
5.052408e-02
4.833584e-02
4.600840e-02
4.354361e-02
4.094357e-02
3.821063e-02
3.534740e-02
3.235671e-02
2.924165e-02
2.600554e-02
2.265200e-02
1.918489e-02
1.560840e-02
1.192701e-02
8.145530e-03
4.269108e-03
3.032311e-04
-3.746272e-03
-7.873237e-03
-1.207117e-02
-1.633328e-02
-2.065248e-02
-2.502141e-02
-2.943250e-02
-3.387796e-02
-3.834981e-02
-4.283993e-02
-4.734006e-02
-5.184180e-02
-5.633667e-02
-6.081607e-02
-6.527133e-02
-6.969366e-02
-7.407418e-02
-7.840392e-02
-8.267381e-02
-8.687469e-02
-9.099731e-02
-9.503234e-02
-9.897040e-02
-1.028021e-01
-1.065180e-01
-1.101087e-01
-1.135650e-01
-1.168775e-01
-1.200374e-01
-1.230356e-01
-1.258637e-01
-1.285133e-01
-1.309763e-01
-1.332450e-01
-1.353119e-01
-1.371702e-01
-1.388131e-01
-1.402343e-01
-1.414279e-01
-1.423883e-01
-1.431102e-01
-1.435889e-01
-1.438198e-01
-1.437989e-01
-1.435225e-01
-1.429872e-01
-1.421902e-01
-1.411291e-01
-1.398020e-01
-1.382073e-01
-1.363443e-01
-1.342125e-01
-1.318123e-01
-1.291443e-01
-1.262101e-01
-1.230115e-01
-1.195512e-01
-1.158324e-01
-1.118587e-01
-1.076343e-01
-1.031640e-01
-9.845306e-02
-9.350712e-02
-8.833233e-02
-8.293526e-02
-7.732290e-02
-7.150262e-02
-6.548225e-02
-5.926999e-02
-5.287449e-02
-4.630481e-02
-3.957045e-02
-3.268133e-02
-2.564786e-02
-1.848085e-02
-1.119155e-02
-3.791664e-03
3.706738e-03
1.129119e-02
1.894888e-02
2.666670e-02
3.443124e-02
4.222888e-02
5.004581e-02
5.786805e-02
6.568149e-02
7.347195e-02
8.122516e-02
8.892683e-02
9.656263e-02
1.041182e-01
1.115792e-01
1.189312e-01
1.261600e-01
1.332512e-01
1.401905e-01
1.469638e-01
1.535570e-01
1.599560e-01
1.661470e-01
1.721165e-01
1.778510e-01
1.833375e-01
1.885633e-01
1.935160e-01
1.981838e-01
2.025553e-01
2.066196e-01
2.103664e-01
2.137859e-01
2.168690e-01
2.196071e-01
2.219923e-01
2.240172e-01
2.256750e-01
2.269596e-01
2.278654e-01
2.283875e-01
2.285215e-01
2.282636e-01
2.276109e-01
2.265608e-01
2.251116e-01
2.232620e-01
2.210119e-01
2.183614e-01
2.153117e-01
2.118648e-01
2.080231e-01
2.037903e-01
1.991705e-01
1.941687e-01
1.887907e-01
1.830430e-01
1.769328e-01
1.704681e-01
1.636573e-01
1.565099e-01
1.490355e-01
1.412446e-01
1.331483e-01
1.247581e-01
1.160862e-01
1.071453e-01
9.794869e-02
8.851015e-02
7.884412e-02
6.896555e-02
5.888995e-02
4.863340e-02
3.821246e-02
2.764424e-02
1.694631e-02
6.136665e-03
-4.766294e-03
-1.574383e-02
-2.677689e-02
-3.784622e-02
-4.893234e-02
-6.001567e-02
-7.107651e-02
-8.209516e-02
-9.305187e-02
-1.039270e-01
-1.147008e-01
-1.253539e-01
-1.358668e-01
-1.462202e-01
-1.563950e-01
-1.663722e-01
-1.761330e-01
-1.856590e-01
-1.949319e-01
-2.039338e-01
-2.126469e-01
-2.210542e-01
-2.291388e-01
-2.368844e-01
-2.442752e-01
-2.512961e-01
-2.579326e-01
-2.641707e-01
-2.699972e-01
-2.753999e-01
-2.803668e-01
-2.848872e-01
-2.889509e-01
-2.925484e-01
-2.956712e-01
-2.983115e-01
-3.004621e-01
-3.021168e-01
-3.032700e-01
-3.039171e-01
-3.040541e-01
-3.036778e-01
-3.027860e-01
-3.013771e-01
-2.994506e-01
-2.970068e-01
-2.940469e-01
-2.905732e-01
-2.865887e-01
-2.820976e-01
-2.771050e-01
-2.716170e-01
-2.656407e-01
-2.591841e-01
-2.522562e-01
-2.448668e-01
-2.370266e-01
-2.287474e-01
-2.200415e-01
-2.109221e-01
-2.014033e-01
-1.914996e-01
-1.812266e-01
-1.706004e-01
-1.596377e-01
-1.483561e-01
-1.367737e-01
-1.249092e-01
-1.127819e-01
-1.004119e-01
-8.781978e-02
-7.502651e-02
-6.205370e-02
-4.892340e-02
-3.565803e-02
-2.228038e-02
-8.813524e-03
4.719243e-03
1.829446e-02
3.188854e-02
4.547788e-02
5.903885e-02
7.254788e-02
8.598149e-02
9.931633e-02
1.125292e-01
1.255971e-01
1.384971e-01
1.512068e-01
1.637037e-01
1.759658e-01
1.879713e-01
1.996986e-01
2.111268e-01
2.222349e-01
2.330028e-01
2.434106e-01
2.534390e-01
2.630692e-01
2.722833e-01
2.810637e-01
2.893939e-01
2.972579e-01
3.046406e-01
3.115279e-01
3.179064e-01
3.237637e-01
3.290882e-01
3.338693e-01
3.380973e-01
3.417636e-01
3.448603e-01
3.473807e-01
3.493189e-01
3.506699e-01
3.514300e-01
3.515962e-01
3.511667e-01
3.501406e-01
3.485182e-01
3.463010e-01
3.434912e-01
3.400925e-01
3.361095e-01
3.315481e-01
3.264152e-01
3.207187e-01
3.144677e-01
3.076724e-01
3.003440e-01
2.924943e-01
2.841367e-01
2.752848e-01
2.659536e-01
2.561585e-01
2.459160e-01
2.352430e-01
2.241575e-01
2.126779e-01
2.008234e-01
1.886137e-01
1.760694e-01
1.632116e-01
1.500619e-01
1.366425e-01
1.229764e-01
1.090868e-01
9.499762e-02
8.073302e-02
6.631767e-02
5.177656e-02
3.713492e-02
2.241822e-02
7.652082e-03
-7.137801e-03
-2.192568e-02
-3.668585e-02
-5.139264e-02
-6.602054e-02
-8.054417e-02
-9.493835e-02
-1.091781e-01
-1.232389e-01
-1.370961e-01
-1.507259e-01
-1.641045e-01
-1.772086e-01
-1.900153e-01
-2.025024e-01
-2.146478e-01
-2.264304e-01
-2.378295e-01
-2.488252e-01
-2.593982e-01
-2.695301e-01
-2.792033e-01
-2.884010e-01
-2.971076e-01
-3.053080e-01
-3.129883e-01
-3.201358e-01
-3.267384e-01
-3.327853e-01
-3.382665e-01
-3.431731e-01
-3.474972e-01
-3.512318e-01
-3.543711e-01
-3.569100e-01
-3.588446e-01
-3.601719e-01
-3.608901e-01
-3.609981e-01
-3.604961e-01
-3.593853e-01
-3.576680e-01
-3.553474e-01
-3.524281e-01
-3.489154e-01
-3.448162e-01
-3.401380e-01
-3.348898e-01
-3.290812e-01
-3.227232e-01
-3.158277e-01
-3.084073e-01
-3.004760e-01
-2.920481e-01
-2.831393e-01
-2.737656e-01
-2.639442e-01
-2.536927e-01
-2.430295e-01
-2.319738e-01
-2.205452e-01
-2.087642e-01
-1.966517e-01
-1.842292e-01
-1.715188e-01
-1.585431e-01
-1.453250e-01
-1.318881e-01
-1.182562e-01
-1.044535e-01
-9.050430e-02
-7.643337e-02
-6.226548e-02
-4.802552e-02
-3.373842e-02
-1.942909e-02
-5.122352e-03
9.157073e-03
2.338464e-02
3.753599e-02
5.158701e-02
6.551383e-02
7.929289e-02
9.290092e-02
1.063150e-01
1.195125e-01
1.324713e-01
1.451695e-01
1.575860e-01
1.696997e-01
1.814905e-01
1.929385e-01
2.040248e-01
2.147308e-01
2.250389e-01
2.349321e-01
2.443944e-01
2.534105e-01
2.619660e-01
2.700476e-01
2.776428e-01
2.847401e-01
2.913289e-01
2.973998e-01
3.029442e-01
3.079546e-01
3.124243e-01
3.163477e-01
3.197201e-01
3.225380e-01
3.247986e-01
3.265002e-01
3.276420e-01
3.282242e-01
3.282481e-01
3.277158e-01
3.266305e-01
3.249965e-01
3.228188e-01
3.201037e-01
3.168582e-01
3.130905e-01
3.088095e-01
3.040252e-01
2.987482e-01
2.929901e-01
2.867634e-01
2.800811e-01
2.729571e-01
2.654059e-01
2.574427e-01
2.490833e-01
2.403440e-01
2.312419e-01
2.217945e-01
2.120199e-01
2.019366e-01
1.915637e-01
1.809208e-01
1.700279e-01
1.589055e-01
1.475742e-01
1.360552e-01
1.243701e-01
1.125403e-01
1.005879e-01
8.853464e-02
7.640268e-02
6.421403e-02
5.199066e-02
3.975446e-02
2.752715e-02
1.533023e-02
3.184978e-03
-8.887605e-03
-2.086683e-02
-3.273235e-02
-4.446416e-02
-5.604263e-02
-6.744853e-02
-7.866304e-02
-8.966779e-02
-1.004449e-01
-1.109768e-01
-1.212467e-01
-1.312381e-01
-1.409353e-01
-1.503231e-01
-1.593869e-01
-1.681130e-01
-1.764881e-01
-1.844998e-01
-1.921367e-01
-1.993878e-01
-2.062432e-01
-2.126937e-01
-2.187310e-01
-2.243476e-01
-2.295368e-01
-2.342928e-01
-2.386106e-01
-2.424861e-01
-2.459160e-01
-2.488978e-01
-2.514297e-01
-2.535111e-01
-2.551418e-01
-2.563229e-01
-2.570558e-01
-2.573433e-01
-2.571886e-01
-2.565961e-01
-2.555708e-01
-2.541187e-01
-2.522464e-01
-2.499616e-01
-2.472724e-01
-2.441881e-01
-2.407181e-01
-2.368730e-01
-2.326637e-01
-2.281017e-01
-2.231991e-01
-2.179686e-01
-2.124230e-01
-2.065758e-01
-2.004408e-01
-1.940322e-01
-1.873645e-01
-1.804526e-01
-1.733114e-01
-1.659565e-01
-1.584035e-01
-1.506683e-01
-1.427671e-01
-1.347161e-01
-1.265320e-01
-1.182312e-01
-1.098305e-01
-1.013467e-01
-9.279643e-02
-8.419651e-02
-7.556351e-02
-6.691390e-02
-5.826395e-02
-4.962972e-02
-4.102700e-02
-3.247126e-02
-2.397764e-02
-1.556096e-02
-7.235623e-03
9.843460e-04
9.085329e-03
1.705413e-02
2.487800e-02
3.254463e-02
4.004216e-02
4.735922e-02
5.448495e-02
6.140898e-02
6.812147e-02
7.461316e-02
8.087532e-02
8.689986e-02
9.267927e-02
9.820664e-02
1.034757e-01
1.084809e-01
1.132173e-01
1.176804e-01
1.218665e-01
1.257726e-01
1.293962e-01
1.327353e-01
1.357887e-01
1.385555e-01
1.410357e-01
1.432294e-01
1.451376e-01
1.467617e-01
1.481036e-01
1.491658e-01
1.499513e-01
1.504635e-01
1.507065e-01
1.506849e-01
1.504038e-01
1.498687e-01
1.490857e-01
1.480614e-01
1.468029e-01
1.453174e-01
1.436128e-01
1.416972e-01
1.395792e-01
1.372673e-01
1.347705e-01
1.320981e-01
1.292591e-01
1.262630e-01
1.231194e-01
1.198377e-01
1.164277e-01
1.128988e-01
1.092610e-01
1.055238e-01
1.016970e-01
9.779030e-02
9.381349e-02
8.977627e-02
8.568833e-02
8.155932e-02
7.739883e-02
7.321636e-02
6.902131e-02
6.482292e-02
6.063028e-02
5.645227e-02
5.229758e-02
4.817460e-02
4.409150e-02
4.005612e-02
3.607600e-02
3.215835e-02
2.831006e-02
2.453766e-02
2.084730e-02
1.724481e-02
1.373562e-02
1.032477e-02
7.016953e-03
3.816428e-03
7.270633e-04
-2.247691e-03
-5.104812e-03
-7.841719e-03
-1.045628e-02
-1.294680e-02
-1.531208e-02
-1.755135e-02
-1.966431e-02
-2.165111e-02
-2.351231e-02
-2.524893e-02
-2.686236e-02
-2.835435e-02
-2.972702e-02
-3.098278e-02
-3.212435e-02
-3.315469e-02
-3.407699e-02
-3.489466e-02
-3.561131e-02
-3.623072e-02
-3.675682e-02
-3.719372e-02
-3.754569e-02
-3.781714e-02
-3.801264e-02
-3.813690e-02
-3.819480e-02
-3.819135e-02
-3.813168e-02
-3.802107e-02
-3.786490e-02
-3.766861e-02
-3.743774e-02
-3.717782e-02
-3.689441e-02
-3.659305e-02
-3.627918e-02
-3.595819e-02
-3.563532e-02
-3.531568e-02
-3.500419e-02
-3.470559e-02
-3.442442e-02
-3.416498e-02
-3.393135e-02
-3.372738e-02
-3.355665e-02
-3.342252e-02
-3.332807e-02
-3.327613e-02
-3.326928e-02
-3.330980e-02
-3.339971e-02
-3.354072e-02
-3.373425e-02
-3.398140e-02
-3.428294e-02
-3.463932e-02
-3.505064e-02
-3.551667e-02
-3.603679e-02
-3.661009e-02
-3.723528e-02
-3.791074e-02
-3.863453e-02
-3.940438e-02
-4.021775e-02
-4.107177e-02
-4.196333e-02
-4.288903e-02
-4.384523e-02
-4.482805e-02
-4.583335e-02
-4.685678e-02
-4.789376e-02
-4.893950e-02
-4.998895e-02
-5.103689e-02
-5.207788e-02
-5.310628e-02
-5.411626e-02
-5.510186e-02
-5.605693e-02
-5.697523e-02
-5.785043e-02
-5.867614e-02
-5.944594e-02
-6.015344e-02
-6.079229e-02
-6.135622e-02
-6.183911e-02
-6.223495e-02
-6.253794e-02
-6.274247e-02
-6.284315e-02
-6.283485e-02
-6.271265e-02
-6.247193e-02
-6.210832e-02
-6.161773e-02
-6.099635e-02
-6.024066e-02
-5.934746e-02
-5.831383e-02
-5.713719e-02
-5.581530e-02
-5.434627e-02
-5.272861e-02
-5.096121e-02
-4.904337e-02
-4.697484e-02
-4.475582e-02
-4.238698e-02
-3.986948e-02
-3.720494e-02
-3.439549e-02
-3.144376e-02
-2.835283e-02
-2.512630e-02
-2.176820e-02
-1.828304e-02
-1.467574e-02
-1.095166e-02
-7.116567e-03
-3.176620e-03
8.616416e-04
4.991312e-03
9.205125e-03
1.349547e-02
1.785439e-02
2.227362e-02
2.674456e-02
3.125831e-02
3.580568e-02
4.037721e-02
4.496318e-02
4.955363e-02
5.413840e-02
5.870716e-02
6.324939e-02
6.775449e-02
7.221174e-02
7.661037e-02
8.093958e-02
8.518855e-02
8.934651e-02
9.340274e-02
9.734659e-02
1.011675e-01
1.048550e-01
1.083989e-01
1.117891e-01
1.150155e-01
1.180686e-01
1.209387e-01
1.236167e-01
1.260937e-01
1.283610e-01
1.304104e-01
1.322340e-01
1.338245e-01
1.351748e-01
1.362785e-01
1.371295e-01
1.377225e-01
1.380526e-01
1.381155e-01
1.379076e-01
1.374257e-01
1.366675e-01
1.356309e-01
1.343148e-01
1.327186e-01
1.308421e-01
1.286858e-01
1.262508e-01
1.235388e-01
1.205520e-01
1.172931e-01
1.137656e-01
1.099732e-01
1.059205e-01
1.016126e-01
9.705509e-02
9.225420e-02
8.721678e-02
8.195024e-02
7.646261e-02
7.076250e-02
6.485912e-02
5.876221e-02
5.248209e-02
4.602962e-02
3.941613e-02
3.265347e-02
2.575391e-02
1.873017e-02
1.159534e-02
4.362885e-03
-2.953393e-03
-1.033939e-02
-1.778071e-02
-2.526272e-02
-3.277056e-02
-4.028914e-02
-4.780323e-02
-5.529742e-02
-6.275620e-02
-7.016395e-02
-7.750500e-02
-8.476366e-02
-9.192424e-02
-9.897109e-02
-1.058887e-01
-1.126615e-01
-1.192744e-01
-1.257123e-01
-1.319604e-01
-1.380041e-01
-1.438292e-01
-1.494219e-01
-1.547688e-01
-1.598567e-01
-1.646732e-01
-1.692060e-01
-1.734436e-01
-1.773749e-01
-1.809893e-01
-1.842770e-01
-1.872287e-01
-1.898355e-01
-1.920896e-01
-1.939836e-01
-1.955109e-01
-1.966657e-01
-1.974429e-01
-1.978383e-01
-1.978483e-01
-1.974704e-01
-1.967028e-01
-1.955445e-01
-1.939955e-01
-1.920565e-01
-1.897290e-01
-1.870155e-01
-1.839192e-01
-1.804441e-01
-1.765948e-01
-1.723770e-01
-1.677968e-01
-1.628612e-01
-1.575777e-01
-1.519548e-01
-1.460014e-01
-1.397271e-01
-1.331422e-01
-1.262577e-01
-1.190853e-01
-1.116370e-01
-1.039257e-01
-9.596488e-02
-8.776858e-02
-7.935139e-02
-7.072847e-02
-6.191550e-02
-5.292862e-02
-4.378446e-02
-3.450004e-02
-2.509273e-02
-1.558028e-02
-5.980663e-03
3.687868e-03
1.340688e-02
2.315778e-02
3.292187e-02
4.268037e-02
5.241445e-02
6.210527e-02
7.173404e-02
8.128201e-02
9.073050e-02
1.000610e-01
1.092550e-01
1.182945e-01
1.271613e-01
1.358376e-01
1.443061e-01
1.525496e-01
1.605511e-01
1.682943e-01
1.757631e-01
1.829420e-01
1.898158e-01
1.963701e-01
2.025906e-01
2.084641e-01
2.139775e-01
2.191187e-01
2.238761e-01
2.282386e-01
2.321961e-01
2.357390e-01
2.388585e-01
2.415465e-01
2.437957e-01
2.455995e-01
2.469524e-01
2.478494e-01
2.482864e-01
2.482604e-01
2.477691e-01
2.468111e-01
2.453860e-01
2.434942e-01
2.411371e-01
2.383170e-01
2.350371e-01
2.313014e-01
2.271151e-01
2.224840e-01
2.174149e-01
2.119152e-01
2.059936e-01
1.996591e-01
1.929219e-01
1.857927e-01
1.782832e-01
1.704057e-01
1.621733e-01
1.535998e-01
1.446997e-01
1.354884e-01
1.259817e-01
1.161963e-01
1.061493e-01
9.585872e-02
8.534295e-02
7.462101e-02
6.371244e-02
5.263724e-02
4.141583e-02
3.006903e-02
1.861798e-02
7.084101e-03
-4.510967e-03
-1.614539e-02
-2.779723e-02
-3.944443e-02
-5.106491e-02
-6.263661e-02
-7.413750e-02
-8.554560e-02
-9.683910e-02
-1.079963e-01
-1.189957e-01
-1.298160e-01
-1.404362e-01
-1.508356e-01
-1.609938e-01
-1.708907e-01
-1.805067e-01
-1.898228e-01
-1.988201e-01
-2.074806e-01
-2.157868e-01
-2.237218e-01
-2.312693e-01
-2.384139e-01
-2.451407e-01
-2.514357e-01
-2.572859e-01
-2.626788e-01
-2.676029e-01
-2.720478e-01
-2.760037e-01
-2.794619e-01
-2.824146e-01
-2.848551e-01
-2.867774e-01
-2.881766e-01
-2.890490e-01
-2.893917e-01
-2.892027e-01
-2.884814e-01
-2.872280e-01
-2.854435e-01
-2.831304e-01
-2.802919e-01
-2.769322e-01
-2.730568e-01
-2.686718e-01
-2.637845e-01
-2.584031e-01
-2.525367e-01
-2.461954e-01
-2.393900e-01
-2.321324e-01
-2.244352e-01
-2.163116e-01
-2.077760e-01
-1.988432e-01
-1.895290e-01
-1.798496e-01
-1.698223e-01
-1.594646e-01
-1.487951e-01
-1.378327e-01
-1.265970e-01
-1.151081e-01
-1.033868e-01
-9.145417e-02
-7.933192e-02
-6.704207e-02
-5.460706e-02
-4.204965e-02
-2.939288e-02
-1.666003e-02
-3.874590e-03
8.939827e-03
2.175950e-02
3.456065e-02
4.731950e-02
6.001229e-02
7.261536e-02
8.510513e-02
9.745822e-02
1.096514e-01
1.216617e-01
1.334665e-01
1.450433e-01
1.563703e-01
1.674257e-01
1.781886e-01
1.886382e-01
1.987547e-01
2.085184e-01
2.179107e-01
2.269135e-01
2.355095e-01
2.436823e-01
2.514162e-01
2.586965e-01
2.655092e-01
2.718415e-01
2.776815e-01
2.830182e-01
2.878416e-01
2.921427e-01
2.959137e-01
2.991475e-01
3.018382e-01
3.039810e-01
3.055720e-01
3.066082e-01
3.070879e-01
3.070102e-01
3.063753e-01
3.051845e-01
3.034398e-01
3.011447e-01
2.983033e-01
2.949208e-01
2.910037e-01
2.865590e-01
2.815951e-01
2.761211e-01
2.701472e-01
2.636844e-01
2.567447e-01
2.493409e-01
2.414868e-01
2.331967e-01
2.244859e-01
2.153707e-01
2.058675e-01
1.959941e-01
1.857684e-01
1.752093e-01
1.643362e-01
1.531688e-01
1.417279e-01
1.300343e-01
1.181096e-01
1.059756e-01
9.365460e-02
8.116935e-02
6.854281e-02
5.579824e-02
4.295916e-02
3.004925e-02
1.709234e-02
4.112374e-03
-8.866680e-03
-2.182084e-02
-3.472619e-02
-4.755887e-02
-6.029520e-02
-7.291168e-02
-8.538503e-02
-9.769226e-02
-1.098107e-01
-1.217181e-01
-1.333926e-01
-1.448127e-01
-1.559577e-01
-1.668071e-01
-1.773413e-01
-1.875412e-01
-1.973884e-01
-2.068654e-01
-2.159552e-01
-2.246419e-01
-2.329102e-01
-2.407458e-01
-2.481354e-01
-2.550662e-01
-2.615269e-01
-2.675066e-01
-2.729957e-01
-2.779853e-01
-2.824677e-01
-2.864358e-01
-2.898838e-01
-2.928065e-01
-2.951998e-01
-2.970606e-01
-2.983864e-01
-2.991761e-01
-2.994290e-01
-2.991458e-01
-2.983279e-01
-2.969776e-01
-2.950984e-01
-2.926944e-01
-2.897709e-01
-2.863341e-01
-2.823912e-01
-2.779503e-01
-2.730203e-01
-2.676114e-01
-2.617343e-01
-2.554009e-01
-2.486236e-01
-2.414160e-01
-2.337923e-01
-2.257676e-01
-2.173574e-01
-2.085783e-01
-1.994473e-01
-1.899821e-01
-1.802010e-01
-1.701227e-01
-1.597668e-01
-1.491529e-01
-1.383012e-01
-1.272325e-01
-1.159678e-01
-1.045284e-01
-9.293581e-02
-8.121203e-02
-6.937904e-02
-5.745907e-02
-4.547439e-02
-3.344735e-02
-2.140032e-02
-9.355577e-03
2.664664e-03
1.463835e-02
2.654362e-02
3.835886e-02
5.006272e-02
6.163419e-02
7.305264e-02
8.429780e-02
9.534987e-02
1.061895e-01
1.167978e-01
1.271566e-01
1.372479e-01
1.470546e-01
1.565602e-01
1.657486e-01
1.746045e-01
1.831132e-01
1.912608e-01
1.990340e-01
2.064203e-01
2.134078e-01
2.199855e-01
2.261431e-01
2.318713e-01
2.371613e-01
2.420052e-01
2.463961e-01
2.503278e-01
2.537950e-01
2.567933e-01
2.593190e-01
2.613696e-01
2.629431e-01
2.640388e-01
2.646566e-01
2.647975e-01
2.644634e-01
2.636571e-01
2.623823e-01
2.606436e-01
2.584465e-01
2.557975e-01
2.527038e-01
2.491737e-01
2.452161e-01
2.408408e-01
2.360583e-01
2.308799e-01
2.253176e-01
2.193840e-01
2.130922e-01
2.064561e-01
1.994901e-01
1.922088e-01
1.846277e-01
1.767624e-01
1.686291e-01
1.602441e-01
1.516244e-01
1.427871e-01
1.337495e-01
1.245294e-01
1.151446e-01
1.056134e-01
9.595402e-02
8.618491e-02
7.632466e-02
6.639193e-02
5.640540e-02
4.638379e-02
3.634575e-02
2.630987e-02
1.629462e-02
6.318307e-03
-3.600970e-03
-1.344534e-02
-2.319721e-02
-3.283930e-02
-4.235466e-02
-5.172671e-02
-6.093926e-02
-6.997655e-02
-7.882326e-02
-8.746453e-02
-9.588599e-02
-1.040738e-01
-1.120145e-01
-1.196955e-01
-1.271045e-01
-1.342298e-01
-1.410605e-01
-1.475862e-01
-1.537973e-01
-1.596846e-01
-1.652400e-01
-1.704559e-01
-1.753253e-01
-1.798423e-01
-1.840015e-01
-1.877983e-01
-1.912292e-01
-1.942909e-01
-1.969814e-01
-1.992992e-01
-2.012436e-01
-2.028148e-01
-2.040135e-01
-2.048413e-01
-2.053004e-01
-2.053939e-01
-2.051252e-01
-2.044988e-01
-2.035195e-01
-2.021928e-01
-2.005250e-01
-1.985227e-01
-1.961933e-01
-1.935446e-01
-1.905849e-01
-1.873231e-01
-1.837685e-01
-1.799309e-01
-1.758206e-01
-1.714482e-01
-1.668246e-01
-1.619614e-01
-1.568701e-01
-1.515629e-01
-1.460520e-01
-1.403501e-01
-1.344701e-01
-1.284250e-01
-1.222281e-01
-1.158929e-01
-1.094329e-01
-1.028618e-01
-9.619357e-02
-8.944194e-02
-8.262084e-02
-7.574415e-02
-6.882570e-02
-6.187925e-02
-5.491843e-02
-4.795674e-02
-4.100747e-02
-3.408370e-02
-2.719825e-02
-2.036366e-02
-1.359214e-02
-6.895591e-03
-2.855345e-04
6.226883e-03
1.263091e-02
1.891620e-02
2.507284e-02
3.109133e-02
3.696262e-02
4.267812e-02
4.822967e-02
5.360959e-02
5.881067e-02
6.382615e-02
6.864979e-02
7.327581e-02
7.769894e-02
8.191442e-02
8.591797e-02
8.970586e-02
9.327483e-02
9.662216e-02
9.974565e-02
1.026436e-01
1.053148e-01
1.077585e-01
1.099745e-01
1.119631e-01
1.137251e-01
1.152614e-01
1.165739e-01
1.176646e-01
1.185358e-01
1.191905e-01
1.196320e-01
1.198639e-01
1.198903e-01
1.197155e-01
1.193445e-01
1.187822e-01
1.180343e-01
1.171064e-01
1.160048e-01
1.147357e-01
1.133060e-01
1.117224e-01
1.099921e-01
1.081225e-01
1.061211e-01
1.039954e-01
1.017532e-01
9.940217e-02
9.695019e-02
9.440502e-02
9.177444e-02
8.906618e-02
8.628790e-02
8.344716e-02
8.055142e-02
7.760805e-02
7.462426e-02
7.160717e-02
6.856374e-02
6.550081e-02
6.242506e-02
5.934304e-02
5.626115e-02
5.318563e-02
5.012256e-02
4.707786e-02
4.405725e-02
4.106628e-02
3.811027e-02
3.519436e-02
3.232343e-02
2.950212e-02
2.673480e-02
2.402558e-02
2.137828e-02
1.879642e-02
1.628320e-02
1.384151e-02
1.147391e-02
9.182648e-03
6.969614e-03
4.836375e-03
2.784163e-03
8.138738e-04
-1.073923e-03
-2.878985e-03
-4.601386e-03
-6.241508e-03
-7.800037e-03
-9.277944e-03
-1.067648e-02
-1.199716e-02
-1.324175e-02
-1.441225e-02
-1.551088e-02
-1.654005e-02
-1.750238e-02
-1.840065e-02
-1.923780e-02
-2.001689e-02
-2.074114e-02
-2.141386e-02
-2.203845e-02
-2.261842e-02
-2.315734e-02
-2.365884e-02
-2.412662e-02
-2.456440e-02
-2.497595e-02
-2.536503e-02
-2.573543e-02
-2.609093e-02
-2.643527e-02
-2.677214e-02
-2.710522e-02
-2.743807e-02
-2.777417e-02
-2.811689e-02
-2.846950e-02
-2.883507e-02
-2.921657e-02
-2.961676e-02
-3.003822e-02
-3.048334e-02
-3.095430e-02
-3.145309e-02
-3.198145e-02
-3.254093e-02
-3.313286e-02
-3.375832e-02
-3.441821e-02
-3.511317e-02
-3.584363e-02
-3.660979e-02
-3.741163e-02
-3.824888e-02
-3.912104e-02
-4.002735e-02
-4.096682e-02
-4.193820e-02
-4.293997e-02
-4.397035e-02
-4.502732e-02
-4.610858e-02
-4.721158e-02
-4.833353e-02
-4.947140e-02
-5.062195e-02
-5.178173e-02
-5.294711e-02
-5.411431e-02
-5.527940e-02
-5.643834e-02
-5.758700e-02
-5.872117e-02
-5.983660e-02
-6.092899e-02
-6.199404e-02
-6.302743e-02
-6.402484e-02
-6.498197e-02
-6.589452e-02
-6.675823e-02
-6.756883e-02
-6.832210e-02
-6.901382e-02
-6.963983e-02
-7.019597e-02
-7.067814e-02
-7.108229e-02
-7.140441e-02
-7.164060e-02
-7.178702e-02
-7.183995e-02
-7.179579e-02
-7.165109e-02
-7.140255e-02
-7.104709e-02
-7.058179e-02
-7.000397e-02
-6.931119e-02
-6.850125e-02
-6.757221e-02
-6.652242e-02
-6.535047e-02
-6.405528e-02
-6.263603e-02
-6.109219e-02
-5.942354e-02
-5.763014e-02
-5.571235e-02
-5.367082e-02
-5.150650e-02
-4.922059e-02
-4.681464e-02
-4.429044e-02
-4.165008e-02
-3.889593e-02
-3.603064e-02
-3.305715e-02
-2.997866e-02
-2.679866e-02
-2.352090e-02
-2.014940e-02
-1.668847e-02
-1.314265e-02
-9.516770e-03
-5.815912e-03
-2.045413e-03
1.789137e-03
5.681900e-03
9.626795e-03
1.361751e-02
1.764749e-02
2.170997e-02
2.579800e-02
2.990441e-02
3.402186e-02
3.814285e-02
4.225974e-02
4.636480e-02
5.045017e-02
5.450793e-02
5.853014e-02
6.250882e-02
6.643601e-02
7.030377e-02
7.410424e-02
7.782964e-02
8.147226e-02
8.502456e-02
8.847912e-02
9.182866e-02
9.506608e-02
9.818449e-02
1.011771e-01
1.040375e-01
1.067593e-01
1.093365e-01
1.117631e-01
1.140335e-01
1.161424e-01
1.180847e-01
1.198554e-01
1.214500e-01
1.228642e-01
1.240940e-01
1.251357e-01
1.259859e-01
1.266417e-01
1.271003e-01
1.273594e-01
1.274170e-01
1.272717e-01
1.269222e-01
1.263677e-01
1.256080e-01
1.246430e-01
1.234732e-01
1.220997e-01
1.205237e-01
1.187472e-01
1.167724e-01
1.146022e-01
1.122396e-01
1.096886e-01
1.069531e-01
1.040380e-01
1.009481e-01
9.768912e-02
9.426688e-02
9.068771e-02
8.695828e-02
8.308560e-02
7.907699e-02
7.494003e-02
7.068253e-02
6.631253e-02
6.183821e-02
5.726790e-02
5.261003e-02
4.787311e-02
4.306571e-02
3.819645e-02
3.327394e-02
2.830682e-02
2.330374e-02
1.827333e-02
1.322421e-02
8.165001e-03
3.104287e-03
-1.949355e-03
-6.987375e-03
-1.200126e-02
-1.698254e-02
-2.192281e-02
-2.681371e-02
-3.164703e-02
-3.641462e-02
-4.110850e-02
-4.572086e-02
-5.024407e-02
-5.467075e-02
-5.899373e-02
-6.320615e-02
-6.730144e-02
-7.127334e-02
-7.511594e-02
-7.882366e-02
-8.239130e-02
-8.581402e-02
-8.908735e-02
-9.220720e-02
-9.516984e-02
-9.797190e-02
-1.006104e-01
-1.030827e-01
-1.053864e-01
-1.075196e-01
-1.094807e-01
-1.112683e-01
-1.128815e-01
-1.143195e-01
-1.155819e-01
-1.166686e-01
-1.175798e-01
-1.183161e-01
-1.188780e-01
-1.192668e-01
-1.194836e-01
-1.195302e-01
-1.194082e-01
-1.191199e-01
-1.186677e-01
-1.180541e-01
-1.172821e-01
-1.163548e-01
-1.152755e-01
-1.140479e-01
-1.126758e-01
-1.111632e-01
-1.095144e-01
-1.077337e-01
-1.058258e-01
-1.037954e-01
-1.016474e-01
-9.938675e-02
-9.701863e-02
-9.454821e-02
-9.198077e-02
-8.932161e-02
-8.657610e-02
-8.374959e-02
-8.084744e-02
-7.787500e-02
-7.483759e-02
-7.174050e-02
-6.858894e-02
-6.538812e-02
-6.214313e-02
-5.885905e-02
-5.554085e-02
-5.219344e-02
-4.882167e-02
-4.543031e-02
-4.202403e-02
-3.860744e-02
-3.518507e-02
-3.176135e-02
-2.834062e-02
-2.492714e-02
-2.152504e-02
-1.813838e-02
-1.477108e-02
-1.142698e-02
-8.109760e-03
-4.823018e-03
-1.570209e-03
1.645331e-03
4.820394e-03
7.951897e-03
1.103688e-02
1.407253e-02
1.705612e-02
1.998509e-02
2.285698e-02
2.566949e-02
2.842041e-02
3.110769e-02
3.372941e-02
3.628379e-02
3.876919e-02
4.118411e-02
4.352721e-02
4.579731e-02
4.799334e-02
5.011444e-02
5.215987e-02
5.412903e-02
5.602150e-02
5.783696e-02
5.957527e-02
6.123638e-02
6.282039e-02
6.432749e-02
6.575799e-02
6.711231e-02
6.839094e-02
6.959447e-02
7.072357e-02
7.177900e-02
7.276159e-02
7.367224e-02
7.451191e-02
7.528164e-02
7.598251e-02
7.661568e-02
7.718232e-02
7.768367e-02
7.812097e-02
7.849547e-02
7.880844e-02
7.906112e-02
7.925470e-02
7.939034e-02
7.946913e-02
7.949211e-02
7.946019e-02
7.937423e-02
7.923497e-02
7.904307e-02
7.879909e-02
7.850350e-02
7.815671e-02
7.775907e-02
7.731086e-02
7.681237e-02
7.626386e-02
7.566559e-02
7.501785e-02
7.432098e-02
7.357534e-02
7.278137e-02
7.193955e-02
7.105042e-02
7.011456e-02
6.913263e-02
6.810528e-02
6.703320e-02
6.591710e-02
6.475765e-02
6.355550e-02
6.231128e-02
6.102555e-02
5.969878e-02
5.833141e-02
5.692377e-02
5.547611e-02
5.398859e-02
5.246131e-02
5.089428e-02
4.928744e-02
4.764068e-02
4.595385e-02
4.422676e-02
4.245920e-02
4.065097e-02
3.880185e-02
3.691166e-02
3.498024e-02
3.300747e-02
3.099328e-02
2.893765e-02
2.684063e-02
2.470233e-02
2.252294e-02
2.030271e-02
1.804198e-02
1.574116e-02
1.340075e-02
1.102133e-02
8.603555e-03
6.148177e-03
3.656027e-03
1.128028e-03
-1.434806e-03
-4.031368e-03
-6.660448e-03
-9.320736e-03
-1.201081e-02
-1.472913e-02
-1.747403e-02
-2.024372e-02
-2.303627e-02
-2.584960e-02
-2.868147e-02
-3.152948e-02
-3.439108e-02
-3.726353e-02
-4.014391e-02
-4.302916e-02
-4.591602e-02
-4.880106e-02
-5.168072e-02
-5.455126e-02
-5.740883e-02
-6.024943e-02
-6.306896e-02
-6.586325e-02
-6.862801e-02
-7.135894e-02
-7.405167e-02
-7.670180e-02
-7.930495e-02
-8.185670e-02
-8.435267e-02
-8.678850e-02
-8.915985e-02
-9.146243e-02
-9.369196e-02
-9.584424e-02
-9.791509e-02
-9.990037e-02
-1.017960e-01
-1.035979e-01
-1.053022e-01
-1.069048e-01
-1.084018e-01
-1.097895e-01
-1.110641e-01
-1.122217e-01
-1.132588e-01
-1.141719e-01
-1.149573e-01
-1.156118e-01
-1.161320e-01
-1.165147e-01
-1.167570e-01
-1.168559e-01
-1.168086e-01
-1.166126e-01
-1.162655e-01
-1.157651e-01
-1.151093e-01
-1.142963e-01
-1.133248e-01
-1.121932e-01
-1.109007e-01
-1.094464e-01
-1.078300e-01
-1.060513e-01
-1.041104e-01
-1.020077e-01
-9.974399e-02
-9.732038e-02
-9.473818e-02
-9.199903e-02
-8.910487e-02
-8.605789e-02
-8.286055e-02
-7.951556e-02
-7.602587e-02
-7.239469e-02
-6.862541e-02
-6.472169e-02
-6.068740e-02
-5.652665e-02
-5.224376e-02
-4.784333e-02
-4.333019e-02
-3.870945e-02
-3.398652e-02
-2.916706e-02
-2.425708e-02
-1.926287e-02
-1.419105e-02
-9.048556e-03
-3.842620e-03
1.419215e-03
6.729128e-03
1.207904e-02
1.746063e-02
2.286537e-02
2.828459e-02
3.370944e-02
3.913100e-02
4.454028e-02
4.992824e-02
5.528586e-02
6.060415e-02
6.587415e-02
7.108698e-02
7.623384e-02
8.130604e-02
8.629497e-02
9.119213e-02
9.598914e-02
1.006777e-01
1.052497e-01
1.096969e-01
1.140114e-01
1.181854e-01
1.222111e-01
1.260809e-01
1.297871e-01
1.333226e-01
1.366800e-01
1.398524e-01
1.428330e-01
1.456152e-01
1.481926e-01
1.505594e-01
1.527097e-01
1.546382e-01
1.563397e-01
1.578098e-01
1.590440e-01
1.600385e-01
1.607898e-01
1.612949e-01
1.615511e-01
1.615561e-01
1.613082e-01
1.608060e-01
1.600486e-01
1.590353e-01
1.577662e-01
1.562414e-01
1.544618e-01
1.524285e-01
1.501430e-01
1.476074e-01
1.448242e-01
1.417961e-01
1.385266e-01
1.350195e-01
1.312790e-01
1.273099e-01
1.231175e-01
1.187074e-01
1.140858e-01
1.092596e-01
1.042358e-01
9.902230e-02
9.362716e-02
8.805906e-02
8.232713e-02
7.644092e-02
7.041040e-02
6.424592e-02
5.795821e-02
5.155832e-02
4.505759e-02
3.846764e-02
3.180031e-02
2.506765e-02
1.828185e-02
1.145527e-02
4.600338e-03
-2.270415e-03
-9.144416e-03
-1.600906e-02
-2.285172e-02
-2.965981e-02
-3.642071e-02
-4.312191e-02
-4.975088e-02
-5.629523e-02
-6.274260e-02
-6.908077e-02
-7.529761e-02
-8.138115e-02
-8.731959e-02
-9.310131e-02
-9.871489e-02
-1.041492e-01
-1.093933e-01
-1.144366e-01
-1.192689e-01
-1.238803e-01
-1.282613e-01
-1.324028e-01
-1.362961e-01
-1.399333e-01
-1.433065e-01
-1.464086e-01
-1.492332e-01
-1.517741e-01
-1.540258e-01
-1.559835e-01
-1.576430e-01
-1.590006e-01
-1.600533e-01
-1.607987e-01
-1.612350e-01
-1.613614e-01
-1.611773e-01
-1.606832e-01
-1.598800e-01
-1.587695e-01
-1.573542e-01
-1.556371e-01
-1.536222e-01
-1.513141e-01
-1.487181e-01
-1.458400e-01
-1.426866e-01
-1.392652e-01
-1.355837e-01
-1.316506e-01
-1.274751e-01
-1.230670e-01
-1.184363e-01
-1.135940e-01
-1.085511e-01
-1.033194e-01
-9.791091e-02
-9.233811e-02
-8.661381e-02
-8.075117e-02
-7.476364e-02
-6.866495e-02
-6.246907e-02
-5.619017e-02
-4.984261e-02
-4.344090e-02
-3.699966e-02
-3.053359e-02
-2.405744e-02
-1.758594e-02
-1.113383e-02
-4.715754e-03
1.653738e-03
7.960237e-03
1.418951e-02
2.032753e-02
2.636052e-02
3.227497e-02
3.805767e-02
4.369576e-02
4.917673e-02
5.448844e-02
5.961919e-02
6.455771e-02
6.929319e-02
7.381530e-02
7.811425e-02
8.218077e-02
8.600614e-02
8.958226e-02
9.290162e-02
9.595735e-02
9.874322e-02
1.012537e-01
1.034839e-01
1.054298e-01
1.070878e-01
1.084553e-01
1.095303e-01
1.103114e-01
1.107983e-01
1.109912e-01
1.108908e-01
1.104989e-01
1.098178e-01
1.088505e-01
1.076008e-01
1.060729e-01
1.042720e-01
1.022037e-01
9.987430e-02
9.729079e-02
9.446071e-02
9.139220e-02
8.809401e-02
8.457543e-02
8.084634e-02
7.691713e-02
7.279871e-02
6.850248e-02
6.404030e-02
5.942445e-02
5.466762e-02
4.978286e-02
4.478354e-02
3.968332e-02
3.449610e-02
2.923601e-02
2.391732e-02
1.855446e-02
1.316194e-02
7.754324e-03
2.346224e-03
-3.047773e-03
-8.413112e-03
-1.373531e-02
-1.899996e-02
-2.419280e-02
-2.929971e-02
-3.430674e-02
-3.920015e-02
-4.396643e-02
-4.859232e-02
-5.306487e-02
-5.737142e-02
-6.149971e-02
-6.543782e-02
-6.917428e-02
-7.269805e-02
-7.599860e-02
-7.906593e-02
-8.189057e-02
-8.446366e-02
-8.677697e-02
-8.882289e-02
-9.059453e-02
-9.208567e-02
-9.329082e-02
-9.420527e-02
-9.482501e-02
-9.514685e-02
-9.516835e-02
-9.488787e-02
-9.430454e-02
-9.341827e-02
-9.222977e-02
-9.074050e-02
-8.895268e-02
-8.686928e-02
-8.449399e-02
-8.183123e-02
-7.888611e-02
-7.566442e-02
-7.217261e-02
-6.841777e-02
-6.440763e-02
-6.015051e-02
-5.565534e-02
-5.093162e-02
-4.598938e-02
-4.083924e-02
-3.549229e-02
-2.996019e-02
-2.425503e-02
-1.838940e-02
-1.237634e-02
-6.229322e-03
3.780273e-05
6.410787e-03
1.287504e-02
1.941566e-02
2.601745e-02
3.266497e-02
3.934257e-02
4.603439e-02
5.272445e-02
5.939666e-02
6.603484e-02
7.262277e-02
7.914422e-02
8.558298e-02
9.192289e-02
9.814787e-02
1.042419e-01
1.101892e-01
1.159741e-01
1.215810e-01
1.269948e-01
1.322002e-01
1.371827e-01
1.419277e-01
1.464212e-01
1.506495e-01
1.545992e-01
1.582576e-01
1.616124e-01
1.646516e-01
1.673642e-01
1.697396e-01
1.717678e-01
1.734396e-01
1.747465e-01
1.756806e-01
1.762350e-01
1.764033e-01
1.761801e-01
1.755608e-01
1.745416e-01
1.731193e-01
1.712919e-01
1.690580e-01
1.664171e-01
1.633696e-01
1.599167e-01
1.560605e-01
1.518039e-01
1.471509e-01
1.421061e-01
1.366752e-01
1.308647e-01
1.246821e-01
1.181357e-01
1.112349e-01
1.039898e-01
9.641140e-02
8.851169e-02
8.030346e-02
7.180031e-02
6.301666e-02
5.396770e-02
4.466934e-02
3.513820e-02
2.539156e-02
1.544731e-02
5.323907e-03
-4.959630e-03
-1.538380e-02
-2.592864e-02
-3.657376e-02
-4.729839e-02
-5.808142e-02
-6.890143e-02
-7.973670e-02
-9.056532e-02
-1.013651e-01
-1.121139e-01
-1.227892e-01
-1.333685e-01
-1.438293e-01
-1.541493e-01
-1.643059e-01
-1.742770e-01
-1.840403e-01
-1.935741e-01
-2.028567e-01
-2.118669e-01
-2.205838e-01
-2.289870e-01
-2.370564e-01
-2.447727e-01
-2.521169e-01
-2.590709e-01
-2.656170e-01
-2.717382e-01
-2.774185e-01
-2.826423e-01
-2.873950e-01
-2.916628e-01
-2.954328e-01
-2.986929e-01
-3.014319e-01
-3.036396e-01
-3.053069e-01
-3.064254e-01
-3.069881e-01
-3.069886e-01
-3.064221e-01
-3.052844e-01
-3.035727e-01
-3.012852e-01
-2.984213e-01
-2.949814e-01
-2.909673e-01
-2.863818e-01
-2.812287e-01
-2.755131e-01
-2.692414e-01
-2.624207e-01
-2.550597e-01
-2.471678e-01
-2.387557e-01
-2.298353e-01
-2.204192e-01
-2.105213e-01
-2.001565e-01
-1.893406e-01
-1.780903e-01
-1.664233e-01
-1.543583e-01
-1.419146e-01
-1.291126e-01
-1.159732e-01
-1.025183e-01
-8.877033e-02
-7.475242e-02
-6.048830e-02
-4.600230e-02
-3.131923e-02
-1.646439e-02
-1.463514e-03
1.365729e-02
2.887157e-02
4.415260e-02
5.947341e-02
7.480683e-02
9.012555e-02
1.054021e-01
1.206092e-01
1.357192e-01
1.507047e-01
1.655384e-01
1.801932e-01
1.946419e-01
2.088580e-01
2.228148e-01
2.364862e-01
2.498465e-01
2.628703e-01
2.755327e-01
2.878094e-01
2.996764e-01
3.111107e-01
3.220896e-01
3.325912e-01
3.425944e-01
3.520788e-01
3.610248e-01
3.694137e-01
3.772277e-01
3.844499e-01
3.910644e-01
3.970564e-01
4.024120e-01
4.071185e-01
4.111643e-01
4.145391e-01
4.172336e-01
4.192398e-01
4.205509e-01
4.211613e-01
4.210669e-01
4.202646e-01
4.187527e-01
4.165308e-01
4.135997e-01
4.099617e-01
4.056200e-01
4.005794e-01
3.948458e-01
3.884262e-01
3.813290e-01
3.735639e-01
3.651414e-01
3.560734e-01
3.463730e-01
3.360542e-01
3.251321e-01
3.136230e-01
3.015441e-01
2.889135e-01
2.757505e-01
2.620750e-01
2.479080e-01
2.332714e-01
2.181876e-01
2.026802e-01
1.867732e-01
1.704916e-01
1.538608e-01
1.369072e-01
1.196575e-01
1.021392e-01
8.438032e-02
6.640944e-02
4.825557e-02
2.994824e-02
1.151736e-02
-7.006765e-03
-2.559352e-02
-4.421201e-02
-6.283115e-02
-8.141971e-02
-9.994635e-02
-1.183798e-01
-1.366887e-01
-1.548420e-01
-1.728088e-01
-1.905584e-01
-2.080606e-01
-2.252855e-01
-2.422037e-01
-2.587863e-01
-2.750052e-01
-2.908326e-01
-3.062416e-01
-3.212059e-01
-3.357001e-01
-3.496993e-01
-3.631797e-01
-3.761181e-01
-3.884923e-01
-4.002808e-01
-4.114631e-01
-4.220195e-01
-4.319316e-01
-4.411815e-01
-4.497526e-01
-4.576293e-01
-4.647972e-01
-4.712428e-01
-4.769538e-01
-4.819194e-01
-4.861295e-01
-4.895757e-01
-4.922508e-01
-4.941486e-01
-4.952646e-01
-4.955954e-01
-4.951390e-01
-4.938947e-01
-4.918631e-01
-4.890462e-01
-4.854472e-01
-4.810708e-01
-4.759227e-01
-4.700101e-01
-4.633412e-01
-4.559257e-01
-4.477744e-01
-4.388992e-01
-4.293135e-01
-4.190315e-01
-4.080687e-01
-3.964420e-01
-3.841690e-01
-3.712686e-01
-3.577609e-01
-3.436669e-01
-3.290087e-01
-3.138093e-01
-2.980928e-01
-2.818840e-01
-2.652088e-01
-2.480938e-01
-2.305664e-01
-2.126546e-01
-1.943871e-01
-1.757934e-01
-1.569032e-01
-1.377469e-01
-1.183553e-01
-9.875938e-02
-7.899066e-02
-5.908075e-02
-3.906148e-02
-1.896482e-02
1.177156e-03
2.133237e-02
4.146874e-02
6.155423e-02
8.155693e-02
1.014450e-01
1.211870e-01
1.407514e-01
1.601073e-01
1.792237e-01
1.980704e-01
2.166173e-01
2.348349e-01
2.526940e-01
2.701663e-01
2.872237e-01
3.038390e-01
3.199857e-01
3.356377e-01
3.507701e-01
3.653587e-01
3.793800e-01
3.928118e-01
4.056324e-01
4.178216e-01
4.293599e-01
4.402290e-01
4.504117e-01
4.598921e-01
4.686552e-01
4.766873e-01
4.839760e-01
4.905099e-01
4.962790e-01
5.012745e-01
5.054886e-01
5.089151e-01
5.115487e-01
5.133856e-01
5.144231e-01
5.146598e-01
5.140954e-01
5.127311e-01
5.105692e-01
5.076132e-01
5.038680e-01
