0.000000e+00
0.000000e+00
0.000000e+00
0.000000e+00
0.000000e+00
0.000000e+00
0.000000e+00
0.000000e+00
0.000000e+00
0.000000e+00
0.000000e+00
0.000000e+00
0.000000e+00
0.000000e+00
0.000000e+00
0.000000e+00
0.000000e+00
0.000000e+00
0.000000e+00
0.000000e+00
0.000000e+00
0.000000e+00
0.000000e+00
0.000000e+00
0.000000e+00
0.000000e+00
0.000000e+00
0.000000e+00
0.000000e+00
0.000000e+00
0.000000e+00
0.000000e+00
0.000000e+00
0.000000e+00
0.000000e+00
0.000000e+00
0.000000e+00
0.000000e+00
0.000000e+00
0.000000e+00
0.000000e+00
0.000000e+00
0.000000e+00
0.000000e+00
0.000000e+00
0.000000e+00
0.000000e+00
0.000000e+00
0.000000e+00
0.000000e+00
0.000000e+00
0.000000e+00
0.000000e+00
0.000000e+00
0.000000e+00
0.000000e+00
0.000000e+00
0.000000e+00
0.000000e+00
0.000000e+00
0.000000e+00
0.000000e+00
0.000000e+00
0.000000e+00
0.000000e+00
0.000000e+00
0.000000e+00
0.000000e+00
0.000000e+00
0.000000e+00
0.000000e+00
0.000000e+00
0.000000e+00
0.000000e+00
0.000000e+00
0.000000e+00
0.000000e+00
0.000000e+00
0.000000e+00
0.000000e+00
0.000000e+00
0.000000e+00
0.000000e+00
0.000000e+00
0.000000e+00
0.000000e+00
0.000000e+00
0.000000e+00
0.000000e+00
0.000000e+00
0.000000e+00
0.000000e+00
0.000000e+00
0.000000e+00
0.000000e+00
0.000000e+00
0.000000e+00
0.000000e+00
0.000000e+00
0.000000e+00
0.000000e+00
0.000000e+00
0.000000e+00
0.000000e+00
0.000000e+00
0.000000e+00
0.000000e+00
0.000000e+00
0.000000e+00
0.000000e+00
0.000000e+00
0.000000e+00
0.000000e+00
0.000000e+00
0.000000e+00
0.000000e+00
0.000000e+00
0.000000e+00
0.000000e+00
0.000000e+00
0.000000e+00
0.000000e+00
0.000000e+00
0.000000e+00
0.000000e+00
0.000000e+00
0.000000e+00
0.000000e+00
0.000000e+00
0.000000e+00
0.000000e+00
0.000000e+00
0.000000e+00
0.000000e+00
0.000000e+00
0.000000e+00
0.000000e+00
0.000000e+00
0.000000e+00
0.000000e+00
0.000000e+00
0.000000e+00
0.000000e+00
0.000000e+00
0.000000e+00
0.000000e+00
0.000000e+00
0.000000e+00
0.000000e+00
0.000000e+00
0.000000e+00
0.000000e+00
0.000000e+00
0.000000e+00
0.000000e+00
0.000000e+00
0.000000e+00
0.000000e+00
0.000000e+00
0.000000e+00
0.000000e+00
0.000000e+00
0.000000e+00
0.000000e+00
0.000000e+00
0.000000e+00
0.000000e+00
0.000000e+00
0.000000e+00
0.000000e+00
0.000000e+00
0.000000e+00
0.000000e+00
0.000000e+00
0.000000e+00
0.000000e+00
0.000000e+00
0.000000e+00
0.000000e+00
0.000000e+00
1.715949e-100
5.876011e-100
1.993575e-99
6.702192e-99
2.233038e-98
7.374452e-98
2.414212e-97
7.835911e-97
2.521894e-96
8.048979e-96
2.547908e-95
8.000307e-95
2.492064e-94
7.701759e-94
2.361817e-93
7.187446e-93
2.170801e-92
6.507691e-92
1.936593e-91
5.721326e-91
1.678198e-90
4.887854e-90
1.413714e-89
4.060798e-89
1.158527e-88
3.283087e-88
9.242227e-88
2.584785e-87
7.182248e-87
1.982982e-86
5.440425e-86
1.483322e-85
4.019374e-85
1.082514e-84
2.897951e-84
7.711904e-84
2.040209e-83
5.366109e-83
1.403280e-82
3.648861e-82
9.434650e-82
2.425921e-81
6.203496e-81
1.577725e-80
3.991040e-80
1.004214e-79
2.513487e-79
6.258363e-79
1.550254e-78
3.820548e-78
9.368122e-78
2.285629e-77
5.548909e-77
1.340539e-76
3.222872e-76
7.711152e-76
1.836236e-75
4.352026e-75
1.026663e-74
2.410778e-74
5.635067e-74
1.311211e-73
3.037357e-73
7.004673e-73
1.608298e-72
3.676627e-72
8.368636e-72
1.896702e-71
4.280551e-71
9.619961e-71
2.152962e-70
4.798497e-70
1.065113e-69
2.354635e-69
5.184472e-69
1.136982e-68
2.483624e-68
5.404012e-68
1.171276e-67
2.528887e-67
5.439274e-67
1.165487e-66
2.487959e-66
5.291289e-66
1.121181e-65
2.367005e-65
4.979032e-65
1.043580e-64
2.179486e-64
4.535683e-64
9.405974e-64
1.943791e-63
4.003058e-63
8.215663e-63
1.680403e-62
3.425436e-62
6.959230e-62
1.409161e-61
2.843971e-61
5.720918e-61
1.147079e-60
2.292546e-60
4.567207e-60
9.069882e-60
1.795482e-59
3.543227e-59
6.970522e-59
1.367068e-58
2.672900e-58
5.210182e-58
1.012535e-57
1.961841e-57
3.789858e-57
7.299562e-57
1.401827e-56
2.684260e-56
5.125025e-56
9.757028e-56
1.852242e-55
3.506265e-55
6.618619e-55
1.245872e-54
2.338685e-54
4.377938e-54
8.172885e-54
1.521588e-53
2.825153e-53
5.231405e-53
9.661253e-53
1.779487e-52
3.268964e-52
5.989443e-52
1.094539e-51
1.995038e-51
3.627055e-51
6.577283e-51
1.189695e-50
2.146486e-50
3.863053e-50
6.935061e-50
1.241919e-49
2.218537e-49
3.953451e-49
7.027957e-49
1.246325e-48
2.204900e-48
3.891422e-48
6.851659e-48
1.203530e-47
2.109106e-47
3.687447e-47
6.431983e-47
1.119339e-46
1.943487e-46
3.366750e-46
5.819085e-46
1.003503e-45
1.726667e-45
2.964351e-45
5.077936e-45
8.679343e-45
1.480245e-44
2.519027e-44
4.277497e-44
7.247851e-44
1.225453e-43
2.067554e-43
3.480926e-43
5.848109e-43
9.804460e-43
1.640304e-42
2.738558e-42
4.562695e-42
7.586256e-42
1.258765e-41
2.084383e-41
3.444535e-41
5.680787e-41
9.350082e-41
1.535875e-40
2.517876e-40
4.119600e-40
6.727010e-40
1.096326e-39
1.783251e-39
2.894971e-39
4.690715e-39
7.585793e-39
1.224431e-38
1.972616e-38
3.171976e-38
5.090969e-38
8.155635e-38
1.304085e-37
2.081366e-37
3.315808e-37
5.272690e-37
8.369138e-37
1.325985e-36
2.097053e-36
3.310523e-36
5.216798e-36
8.206064e-36
1.288525e-35
2.019674e-35
3.160121e-35
4.935866e-35
7.695976e-35
1.197865e-34
1.861227e-34
2.886965e-34
4.470305e-34
6.910187e-34
1.066357e-33
1.642776e-33
2.526508e-33
3.879112e-33
5.945884e-33
9.098629e-33
1.389997e-32
2.119988e-32
3.228027e-32
4.907137e-32
7.447481e-32
1.128453e-31
1.707079e-31
2.578234e-31
3.887697e-31
5.852840e-31
8.797267e-31
1.320196e-30
1.978069e-30
2.959098e-30
4.419720e-30
6.590986e-30
9.813607e-30
1.458923e-29
2.165527e-29
3.209411e-29
4.749193e-29
7.016970e-29
1.035183e-28
1.524841e-28
2.242718e-28
3.293591e-28
4.829608e-28
7.071372e-28
1.033826e-27
1.509194e-27
2.199881e-27
3.201932e-27
4.653566e-27
6.753403e-27
9.786440e-27
1.416101e-26
2.046130e-26
2.952189e-26
4.253326e-26
6.119121e-26
8.790780e-26
1.261089e-25
1.806533e-25
2.584225e-25
3.691481e-25
5.265734e-25
7.500791e-25
1.066957e-24
1.515587e-24
2.149860e-24
3.045348e-24
4.307876e-24
6.085422e-24
8.584621e-24
1.209362e-23
1.701368e-23
2.390279e-23
3.353583e-23
4.698740e-23
6.574570e-23
9.186891e-23
1.281996e-22
1.786584e-22
2.486455e-22
3.455888e-22
4.796918e-22
6.649516e-22
9.205440e-22
1.272704e-21
1.757276e-21
2.423171e-21
3.337037e-21
4.589574e-21
6.304050e-21
8.647775e-21
1.184753e-20
1.621033e-20
2.215120e-20
3.023055e-20
4.120399e-20
5.608909e-20
7.625439e-20
1.035380e-19
1.404058e-19
1.901610e-19
2.572233e-19
3.474987e-19
4.688687e-19
6.318381e-19
8.503897e-19
1.143113e-18
1.534689e-18
2.057847e-18
2.755931e-18
3.686272e-18
4.924603e-18
6.570844e-18
8.756656e-18
1.165531e-17
1.549453e-17
2.057330e-17
2.728354e-17
3.613852e-17
4.780944e-17
6.317302e-17
8.337300e-17
1.098996e-16
1.446919e-16
1.902705e-16
2.499068e-16
3.278427e-16
4.295707e-16
5.621940e-16
7.348881e-16
9.594903e-16
1.251253e-15
1.629806e-15
2.120379e-15
2.755364e-15
3.576293e-15
4.636353e-15
6.003580e-15
7.764885e-15
1.003117e-14
1.294377e-14
1.668257e-14
2.147630e-14
2.761536e-14
3.546805e-14
4.550091e-14
5.830417e-14
7.462368e-14
9.540075e-14
1.218220e-13
1.553813e-13
1.979575e-13
2.519102e-13
3.201995e-13
4.065342e-13
5.155560e-13
6.530664e-13
8.263082e-13
1.044313e-12
1.318327e-12
1.662343e-12
2.093742e-12
2.634095e-12
3.310134e-12
4.154953e-12
5.209470e-12
6.524213e-12
8.161504e-12
1.019812e-11
1.272853e-11
1.586883e-11
1.976153e-11
2.458131e-11
3.054210e-11
3.790551e-11
4.699110e-11
5.818873e-11
7.197344e-11
8.892339e-11
1.097413e-10
1.352805e-10
1.665754e-10
2.048789e-10
2.517067e-10
3.088895e-10
3.786365e-10
4.636101e-10
5.670147e-10
6.927025e-10
8.452985e-10
1.030349e-09
1.254496e-09
1.525686e-09
1.853409e-09
2.248992e-09
2.725930e-09
3.300285e-09
3.991150e-09
4.821188e-09
5.817272e-09
7.011220e-09
8.440660e-09
1.015003e-08
1.219176e-08
1.462758e-08
1.753016e-08
2.098484e-08
2.509178e-08
2.996834e-08
3.575188e-08
4.260291e-08
5.070880e-08
6.028794e-08
7.159452e-08
8.492405e-08
1.006196e-07
1.190787e-07
1.407618e-07
1.662010e-07
1.960107e-07
2.308990e-07
2.716813e-07
3.192945e-07
3.748144e-07
4.394737e-07
5.146834e-07
6.020558e-07
7.034307e-07
8.209043e-07
9.568610e-07
1.114009e-06
1.295421e-06
1.504573e-06
1.745397e-06
2.022331e-06
2.340374e-06
2.705149e-06
3.122973e-06
3.600926e-06
4.146931e-06
4.769841e-06
5.479524e-06
6.286969e-06
7.204380e-06
8.245291e-06
9.424680e-06
1.075909e-05
1.226675e-05
1.396771e-05
1.588399e-05
1.803968e-05
2.046110e-05
2.317696e-05
2.621845e-05
2.961940e-05
3.341640e-05
3.764892e-05
4.235941e-05
4.759336e-05
5.339941e-05
5.982936e-05
6.693817e-05
7.478395e-05
8.342787e-05
9.293404e-05
1.033693e-04
1.148031e-04
1.273069e-04
1.409539e-04
1.558188e-04
1.719765e-04
1.895022e-04
2.084697e-04
2.289510e-04
2.510147e-04
2.747249e-04
3.001397e-04
3.273090e-04
3.562732e-04
3.870606e-04
4.196849e-04
4.541430e-04
4.904114e-04
5.284438e-04
5.681668e-04
6.094770e-04
6.522360e-04
6.962671e-04
7.413498e-04
7.872154e-04
8.335419e-04
8.799484e-04
9.259895e-04
9.711495e-04
1.014836e-03
1.056376e-03
1.095005e-03
1.129867e-03
1.160000e-03
1.184339e-03
1.201704e-03
1.210796e-03
1.210188e-03
1.198328e-03
1.173525e-03
1.133951e-03
1.077634e-03
1.002459e-03
9.061614e-04
7.863316e-04
6.404109e-04
4.656955e-04
2.593389e-04
1.835632e-05
-2.603689e-04
-5.800780e-04
-9.441268e-04
-1.355974e-03
-1.819170e-03
-2.337337e-03
-2.914156e-03
-3.553345e-03
-4.258639e-03
-5.033763e-03
-5.882411e-03
-6.808213e-03
-7.814711e-03
-8.905324e-03
-1.008331e-02
-1.135176e-02
-1.271350e-02
-1.417113e-02
-1.572693e-02
-1.738286e-02
-1.914049e-02
-2.100099e-02
-2.296505e-02
-2.503292e-02
-2.720428e-02
-2.947829e-02
-3.185349e-02
-3.432784e-02
-3.689861e-02
-3.956246e-02
-4.231530e-02
-4.515238e-02
-4.806823e-02
-5.105664e-02
-5.411070e-02
-5.722274e-02
-6.038443e-02
-6.358668e-02
-6.681975e-02
-7.007323e-02
-7.333608e-02
-7.659665e-02
-7.984274e-02
-8.306160e-02
-8.624005e-02
-8.936446e-02
-9.242082e-02
-9.539484e-02
-9.827196e-02
-1.010374e-01
-1.036763e-01
-1.061738e-01
-1.085149e-01
-1.106846e-01
-1.126684e-01
-1.144516e-01
-1.160199e-01
-1.173594e-01
-1.184564e-01
-1.192977e-01
-1.198706e-01
-1.201629e-01
-1.201629e-01
-1.198595e-01
-1.192423e-01
-1.183014e-01
-1.170279e-01
-1.154131e-01
-1.134496e-01
-1.111303e-01
-1.084491e-01
-1.054004e-01
-1.019798e-01
-9.818337e-02
-9.400801e-02
-8.945151e-02
-8.451243e-02
-7.919018e-02
-7.348497e-02
-6.739790e-02
-6.093090e-02
-5.408678e-02
-4.686925e-02
-3.928293e-02
-3.133336e-02
-2.302706e-02
-1.437148e-02
-5.375109e-03
3.952569e-03
1.360102e-02
2.355864e-02
3.381275e-02
4.434958e-02
5.515421e-02
6.621064e-02
7.750171e-02
8.900913e-02
1.007135e-01
1.125943e-01
1.246299e-01
1.367976e-01
1.490737e-01
1.614335e-01
1.738513e-01
1.863005e-01
1.987536e-01
2.111827e-01
2.235586e-01
2.358521e-01
2.480329e-01
2.600708e-01
2.719347e-01
2.835936e-01
2.950163e-01
3.061712e-01
3.170271e-01
3.275527e-01
3.377167e-01
3.474885e-01
3.568375e-01
3.657335e-01
3.741470e-01
3.820489e-01
3.894107e-01
3.962048e-01
4.024041e-01
4.079823e-01
4.129142e-01
4.171750e-01
4.207414e-01
4.235906e-01
4.257012e-01
4.270525e-01
4.276252e-01
4.274011e-01
4.263631e-01
4.244956e-01
4.217840e-01
4.182153e-01
4.137779e-01
4.084617e-01
4.022581e-01
3.951602e-01
3.871629e-01
3.782625e-01
3.684576e-01
3.577482e-01
3.461367e-01
3.336270e-01
3.202256e-01
3.059405e-01
2.907823e-01
2.747634e-01
2.578986e-01
2.402046e-01
2.217005e-01
2.024073e-01
1.823484e-01
1.615491e-01
1.400368e-01
1.178409e-01
9.499272e-02
7.152553e-02
4.747439e-02
2.287611e-02
-2.230839e-03
-2.780637e-02
-5.380890e-02
-8.019538e-02
-1.069214e-01
-1.339414e-01
-1.612084e-01
-1.886744e-01
-2.162904e-01
-2.440064e-01
-2.717715e-01
-2.995339e-01
-3.272410e-01
-3.548398e-01
-3.822763e-01
-4.094963e-01
-4.364449e-01
-4.630670e-01
-4.893072e-01
-5.151096e-01
-5.404187e-01
-5.651787e-01
-5.893339e-01
-6.128291e-01
-6.356093e-01
-6.576198e-01
-6.788070e-01
-6.991177e-01
-7.184997e-01
-7.369018e-01
-7.542743e-01
-7.705684e-01
-7.857371e-01
-7.997348e-01
-8.125178e-01
-8.240443e-01
-8.342744e-01
-8.431702e-01
-8.506963e-01
-8.568192e-01
-8.615083e-01
-8.647349e-01
-8.664733e-01
-8.667001e-01
-8.653947e-01
-8.625392e-01
-8.581182e-01
-8.521194e-01
-8.445332e-01
-8.353527e-01
-8.245741e-01
-8.121962e-01
-7.982211e-01
-7.826535e-01
-7.655013e-01
-7.467753e-01
-7.264894e-01
-7.046605e-01
-6.813086e-01
-6.564568e-01
-6.301313e-01
-6.023614e-01
-5.731796e-01
-5.426214e-01
-5.107254e-01
-4.775333e-01
-4.430900e-01
-4.074433e-01
-3.706437e-01
-3.327449e-01
-2.938032e-01
-2.538778e-01
-2.130302e-01
-1.713245e-01
-1.288273e-01
-8.560736e-02
-4.173537e-02
2.715846e-03
4.767173e-02
9.305605e-02
1.387910e-01
1.847976e-01
2.309955e-01
2.773031e-01
3.236384e-01
3.699180e-01
4.160583e-01
4.619750e-01
5.075835e-01
5.527988e-01
5.975360e-01
6.417102e-01
6.852366e-01
7.280307e-01
7.700086e-01
8.110867e-01
8.511826e-01
8.902144e-01
9.281015e-01
9.647645e-01
1.000125e+00
1.034108e+00
1.066637e+00
1.097641e+00
1.127049e+00
1.154792e+00
1.180805e+00
1.205024e+00
1.227390e+00
1.247845e+00
1.266336e+00
1.282810e+00
1.297220e+00
1.309524e+00
1.319679e+00
1.327649e+00
1.333402e+00
1.336908e+00
1.338141e+00
1.337082e+00
1.333711e+00
1.328017e+00
1.319990e+00
1.309625e+00
1.296922e+00
1.281882e+00
1.264515e+00
1.244831e+00
1.222847e+00
1.198582e+00
1.172061e+00
1.143313e+00
1.112371e+00
1.079270e+00
1.044054e+00
1.006767e+00
9.674585e-01
9.261831e-01
8.829984e-01
8.379662e-01
7.911523e-01
7.426264e-01
6.924617e-01
6.407352e-01
5.875271e-01
5.329211e-01
4.770041e-01
4.198659e-01
3.615989e-01
3.022985e-01
2.420623e-01
1.809902e-01
1.191844e-01
5.674866e-02
-6.211340e-03
-6.958844e-02
-1.332741e-01
-1.971588e-01
-2.611317e-01
-3.250814e-01
-3.888959e-01
-4.524625e-01
-5.156686e-01
-5.784012e-01
-6.405476e-01
-7.019953e-01
-7.626322e-01
-8.223471e-01
-8.810296e-01
-9.385704e-01
-9.948615e-01
-1.049796e+00
-1.103271e+00
-1.155182e+00
-1.205429e+00
-1.253914e+00
-1.300542e+00
-1.345220e+00
-1.387859e+00
-1.428373e+00
-1.466679e+00
-1.502697e+00
-1.536354e+00
-1.567576e+00
-1.596298e+00
-1.622456e+00
-1.645990e+00
-1.666848e+00
-1.684979e+00
-1.700338e+00
-1.712885e+00
-1.722584e+00
-1.729404e+00
-1.733320e+00
-1.734310e+00
-1.732359e+00
-1.727456e+00
-1.719594e+00
-1.708775e+00
-1.695003e+00
-1.678286e+00
-1.658642e+00
-1.636090e+00
-1.610657e+00
-1.582373e+00
-1.551275e+00
-1.517406e+00
-1.480811e+00
-1.441543e+00
-1.399659e+00
-1.355222e+00
-1.308298e+00
-1.258960e+00
-1.207283e+00
-1.153349e+00
-1.097244e+00
-1.039057e+00
-9.788802e-01
-9.168125e-01
-8.529544e-01
-7.874103e-01
-7.202880e-01
-6.516983e-01
-5.817549e-01
-5.105743e-01
-4.382756e-01
-3.649799e-01
-2.908108e-01
-2.158937e-01
-1.403558e-01
-6.432580e-02
1.206623e-02
8.868907e-02
1.654106e-01
2.420981e-01
3.186183e-01
3.948377e-01
4.706231e-01
5.458412e-01
6.203598e-01
6.940470e-01
7.667724e-01
8.384066e-01
9.088222e-01
9.778934e-01
1.045497e+00
1.111511e+00
1.175817e+00
1.238299e+00
1.298845e+00
1.357345e+00
1.413693e+00
1.467786e+00
1.519527e+00
1.568819e+00
1.615573e+00
1.659702e+00
1.701124e+00
1.739763e+00
1.775544e+00
1.808401e+00
1.838270e+00
1.865093e+00
1.888818e+00
1.909398e+00
1.926791e+00
1.940960e+00
1.951874e+00
1.959508e+00
1.963844e+00
1.964868e+00
1.962572e+00
1.956954e+00
1.948020e+00
1.935780e+00
1.920249e+00
1.901451e+00
1.879413e+00
1.854169e+00
1.825759e+00
1.794229e+00
1.759629e+00
1.722016e+00
1.681451e+00
1.638002e+00
1.591740e+00
1.542742e+00
1.491091e+00
1.436872e+00
1.380177e+00
1.321102e+00
1.259745e+00
1.196210e+00
1.130606e+00
1.063044e+00
9.936386e-01
9.225083e-01
8.497746e-01
7.755623e-01
6.999987e-01
6.232138e-01
5.453396e-01
4.665105e-01
3.868626e-01
3.065335e-01
2.256621e-01
1.443881e-01
6.285235e-02
-1.880422e-02
-1.004404e-01
-1.819149e-01
-2.630871e-01
-3.438167e-01
-4.239644e-01
-5.033920e-01
-5.819627e-01
-6.595411e-01
-7.359938e-01
-8.111893e-01
-8.849984e-01
-9.572942e-01
-1.027953e+00
-1.096853e+00
-1.163876e+00
-1.228907e+00
-1.291835e+00
-1.352552e+00
-1.410955e+00
-1.466943e+00
-1.520420e+00
-1.571297e+00
-1.619486e+00
-1.664905e+00
-1.707479e+00
-1.747135e+00
-1.783808e+00
-1.817436e+00
-1.847965e+00
-1.875344e+00
-1.899530e+00
-1.920485e+00
-1.938175e+00
-1.952575e+00
-1.963664e+00
-1.971426e+00
-1.975853e+00
-1.976942e+00
-1.974695e+00
-1.969120e+00
-1.960233e+00
-1.948053e+00
-1.932606e+00
-1.913922e+00
-1.892040e+00
-1.867002e+00
-1.838855e+00
-1.807654e+00
-1.773456e+00
-1.736327e+00
-1.696335e+00
-1.653553e+00
-1.608062e+00
-1.559945e+00
-1.509291e+00
-1.456191e+00
-1.400743e+00
-1.343048e+00
-1.283210e+00
-1.221338e+00
-1.157544e+00
-1.091942e+00
-1.024650e+00
-9.557880e-01
-8.854794e-01
-8.138491e-01
-7.410239e-01
-6.671326e-01
-5.923054e-01
-5.166738e-01
-4.403703e-01
-3.635284e-01
-2.862820e-01
-2.087655e-01
-1.311135e-01
-5.346048e-02
2.405940e-02
1.013125e-01
1.781658e-01
2.544875e-01
3.301470e-01
4.050150e-01
4.789642e-01
5.518690e-01
6.236064e-01
6.940555e-01
7.630982e-01
8.306195e-01
8.965071e-01
9.606526e-01
1.022951e+00
1.083300e+00
1.141602e+00
1.197765e+00
1.251698e+00
1.303316e+00
1.352539e+00
1.399291e+00
1.443499e+00
1.485098e+00
1.524025e+00
1.560222e+00
1.593639e+00
1.624228e+00
1.651946e+00
1.676758e+00
1.698632e+00
1.717541e+00
1.733465e+00
1.746388e+00
1.756301e+00
1.763198e+00
1.767081e+00
1.767956e+00
1.765835e+00
1.760734e+00
1.752676e+00
1.741689e+00
1.727805e+00
1.711062e+00
1.691502e+00
1.669175e+00
1.644130e+00
1.616427e+00
1.586124e+00
1.553289e+00
1.517991e+00
1.480303e+00
1.440302e+00
1.398071e+00
1.353693e+00
1.307257e+00
1.258853e+00
1.208577e+00
1.156524e+00
1.102796e+00
1.047494e+00
9.907236e-01
9.325909e-01
8.732050e-01
8.126764e-01
7.511172e-01
6.886407e-01
6.253614e-01
5.613944e-01
4.968556e-01
4.318612e-01
3.665276e-01
3.009708e-01
2.353068e-01
1.696510e-01
1.041180e-01
3.882123e-02
-2.612674e-02
-9.061486e-02
-1.545336e-01
-2.177750e-01
-2.802333e-01
-3.418044e-01
-4.023868e-01
-4.618810e-01
-5.201903e-01
-5.772205e-01
-6.328803e-01
-6.870814e-01
-7.397385e-01
-7.907699e-01
-8.400969e-01
-8.876446e-01
-9.333418e-01
-9.771210e-01
-1.018919e+00
-1.058676e+00
-1.096337e+00
-1.131850e+00
-1.165170e+00
-1.196253e+00
-1.225062e+00
-1.251563e+00
-1.275727e+00
-1.297529e+00
-1.316949e+00
-1.333972e+00
-1.348586e+00
-1.360784e+00
-1.370563e+00
-1.377926e+00
-1.382879e+00
-1.385431e+00
-1.385597e+00
-1.383397e+00
-1.378852e+00
-1.371991e+00
-1.362842e+00
-1.351442e+00
-1.337829e+00
-1.322045e+00
-1.304136e+00
-1.284152e+00
-1.262146e+00
-1.238174e+00
-1.212296e+00
-1.184574e+00
-1.155074e+00
-1.123864e+00
-1.091014e+00
-1.056599e+00
-1.020692e+00
-9.833712e-01
-9.447162e-01
-9.048075e-01
-8.637276e-01
-8.215600e-01
-7.783899e-01
-7.343029e-01
-6.893861e-01
-6.437268e-01
-5.974131e-01
-5.505335e-01
-5.031768e-01
-4.554316e-01
-4.073869e-01
-3.591311e-01
-3.107525e-01
-2.623385e-01
-2.139762e-01
-1.657515e-01
-1.177495e-01
-7.005377e-02
-2.274684e-02
2.409052e-02
7.037919e-02
1.160419e-01
1.610034e-01
2.051904e-01
2.485322e-01
2.909601e-01
3.324081e-01
3.728126e-01
4.121128e-01
4.502503e-01
4.871699e-01
5.228188e-01
5.571475e-01
5.901092e-01
6.216601e-01
6.517595e-01
6.803698e-01
7.074565e-01
7.329882e-01
7.569369e-01
7.792777e-01
7.999889e-01
8.190524e-01
8.364531e-01
8.521794e-01
8.662229e-01
8.785788e-01
8.892452e-01
8.982239e-01
9.055195e-01
9.111401e-01
9.150968e-01
9.174036e-01
9.180777e-01
9.171390e-01
9.146102e-01
9.105169e-01
9.048870e-01
8.977512e-01
8.891423e-01
8.790958e-01
8.676490e-01
8.548418e-01
8.407158e-01
8.253148e-01
8.086842e-01
7.908714e-01
7.719254e-01
7.518968e-01
7.308377e-01
7.088013e-01
6.858423e-01
6.620165e-01
6.373806e-01
6.119921e-01
5.859092e-01
5.591908e-01
5.318962e-01
5.040847e-01
4.758162e-01
4.471502e-01
4.181463e-01
3.888638e-01
3.593617e-01
3.296983e-01
2.999316e-01
2.701187e-01
2.403162e-01
2.105794e-01
1.809631e-01
1.515209e-01
1.223052e-01
9.336741e-02
6.475747e-02
3.652413e-02
8.714673e-03
-1.862513e-02
-4.545108e-02
-7.172063e-02
-9.739300e-02
-1.224292e-01
-1.467921e-01
-1.704467e-01
-1.933597e-01
-2.155001e-01
-2.368390e-01
-2.573495e-01
-2.770069e-01
-2.957888e-01
-3.136749e-01
-3.306470e-01
-3.466891e-01
-3.617874e-01
-3.759303e-01
-3.891082e-01
-4.013135e-01
-4.125409e-01
-4.227868e-01
-4.320500e-01
-4.403309e-01
-4.476321e-01
-4.539579e-01
-4.593148e-01
-4.637110e-01
-4.671563e-01
-4.696628e-01
-4.712440e-01
-4.719152e-01
-4.716934e-01
-4.705972e-01
-4.686468e-01
-4.658636e-01
-4.622708e-01
-4.578925e-01
-4.527544e-01
-4.468829e-01
-4.403059e-01
-4.330519e-01
-4.251502e-01
-4.166312e-01
-4.075256e-01
-3.978648e-01
-3.876809e-01
-3.770062e-01
-3.658734e-01
-3.543155e-01
-3.423659e-01
-3.300578e-01
-3.174248e-01
-3.045005e-01
-2.913184e-01
-2.779121e-01
-2.643147e-01
-2.505593e-01
-2.366788e-01
-2.227055e-01
-2.086713e-01
-1.946078e-01
-1.805457e-01
-1.665150e-01
-1.525453e-01
-1.386649e-01
-1.249017e-01
-1.112822e-01
-9.783228e-02
-8.457660e-02
-7.153879e-02
-5.874142e-02
-4.620593e-02
-3.395265e-02
-2.200079e-02
-1.036840e-02
9.275933e-04
1.187143e-02
2.244849e-02
3.264531e-02
4.244958e-02
5.185019e-02
6.083718e-02
6.940179e-02
7.753647e-02
8.523486e-02
9.249181e-02
9.930340e-02
1.056669e-01
1.115808e-01
1.170448e-01
1.220597e-01
1.266275e-01
1.307513e-01
1.344352e-01
1.376845e-01
1.405052e-01
1.429044e-01
1.448900e-01
1.464708e-01
1.476563e-01
1.484565e-01
1.488825e-01
1.489455e-01
1.486577e-01
1.480315e-01
1.470800e-01
1.458166e-01
1.442553e-01
1.424103e-01
1.402963e-01
1.379283e-01
1.353215e-01
1.324914e-01
1.294537e-01
1.262243e-01
1.228191e-01
1.192541e-01
1.155453e-01
1.117085e-01
1.077597e-01
1.037143e-01
9.958768e-02
9.539496e-02
9.115083e-02
8.686963e-02
8.256529e-02
7.825129e-02
7.394067e-02
6.964594e-02
6.537917e-02
6.115187e-02
5.697510e-02
5.285934e-02
4.881458e-02
4.485029e-02
4.097539e-02
3.719824e-02
3.352667e-02
2.996791e-02
2.652863e-02
2.321487e-02
2.003208e-02
1.698504e-02
1.407790e-02
1.131415e-02
8.696627e-03
6.227483e-03
3.908224e-03
1.739707e-03
-2.778394e-04
-2.144793e-03
-3.862110e-03
-5.431291e-03
-6.854348e-03
-8.133769e-03
-9.272476e-03
-1.027379e-02
-1.114141e-02
-1.187935e-02
-1.249195e-02
-1.298382e-02
-1.335981e-02
-1.362505e-02
-1.378486e-02
-1.384479e-02
-1.381055e-02
-1.368807e-02
-1.348341e-02
-1.320279e-02
-1.285254e-02
-1.243908e-02
-1.196890e-02
-1.144853e-02
-1.088447e-02
-1.028319e-02
-9.651075e-03
-8.994378e-03
-8.319182e-03
-7.631370e-03
-6.936583e-03
-6.240191e-03
-5.547270e-03
-4.862581e-03
-4.190558e-03
-3.535294e-03
-2.900543e-03
-2.289722e-03
-1.705907e-03
-1.151851e-03
-6.299814e-04
-1.424159e-04
3.090348e-04
7.228588e-04
1.097841e-03
1.433058e-03
1.727884e-03
1.981988e-03
2.195339e-03
2.368207e-03
2.501169e-03
2.595107e-03
2.651204e-03
2.670940e-03
2.656080e-03
2.608654e-03
2.530942e-03
2.425440e-03
2.294834e-03
2.141960e-03
1.969766e-03
1.781274e-03
1.579539e-03
1.367603e-03
1.148466e-03
9.250432e-04
7.001397e-04
4.764216e-04
2.563961e-04
4.239537e-05
-1.634347e-04
-3.591417e-04
-5.429697e-04
-7.133613e-04
-8.689564e-04
-1.008591e-03
-1.131298e-03
-1.236304e-03
-1.323034e-03
-1.391109e-03
-1.440357e-03
-1.470810e-03
-1.482712e-03
-1.476525e-03
-1.452925e-03
-1.412810e-03
-1.357286e-03
-1.287668e-03
-1.205460e-03
-1.112338e-03
-1.010125e-03
-9.007650e-04
-7.862818e-04
-6.687481e-04
-5.502421e-04
-4.328075e-04
-3.184128e-04
-2.089127e-04
-1.060125e-04
-1.123787e-05
7.409058e-05
1.488764e-04
2.122593e-04
2.636212e-04
3.025850e-04
3.290084e-04
3.429726e-04
3.447662e-04
3.348675e-04
3.139241e-04
2.827320e-04
2.422149e-04
1.934044e-04
1.374207e-04
7.545621e-05
8.758821e-06
-6.138233e-05
-1.336511e-04
-2.067182e-04
-2.792557e-04
-3.499522e-04
-4.175296e-04
-4.807618e-04
-5.384947e-04
-5.896681e-04
-6.333382e-04
-6.687010e-04
-6.951144e-04
-7.121194e-04
-7.194572e-04
-7.170837e-04
-7.051772e-04
-6.841412e-04
-6.545996e-04
-6.173853e-04
-5.735210e-04
-5.241930e-04
-4.707202e-04
-4.145160e-04
-3.570481e-04
-2.997957e-04
-2.442056e-04
-1.916509e-04
-1.433912e-04
-1.005389e-04
-6.402991e-05
-3.460176e-05
-1.277916e-05
1.133140e-06
7.049888e-06
5.097883e-06
-4.397657e-06
-2.093192e-05
-4.384338e-05
-7.233938e-05
-1.055234e-04
-1.424227e-04
-1.820153e-04
-2.232557e-04
-2.650988e-04
-3.065213e-04
-3.465409e-04
-3.842334e-04
-4.187475e-04
-4.493178e-04
-4.752767e-04
-4.960653e-04
-5.112423e-04
-5.204936e-04
-5.236398e-04
-5.206427e-04
-5.116105e-04
-4.968003e-04
-4.766180e-04
-4.516145e-04
-4.224782e-04
-3.900225e-04
-3.551685e-04
-3.189231e-04
-2.823521e-04
-2.465499e-04
-2.126048e-04
-1.815640e-04
-1.543963e-04
-1.319570e-04
-1.149547e-04
-1.039228e-04
-9.919653e-05
-1.008973e-04
-1.089247e-04
-1.229582e-04
-1.424665e-04
-1.667269e-04
-1.948519e-04
-2.258231e-04
-2.585303e-04
-2.918145e-04
-3.245129e-04
-3.555028e-04
-3.837442e-04
-4.083176e-04
-4.284564e-04
-4.435720e-04
-4.532710e-04
-4.573642e-04
-4.558670e-04
-4.489912e-04
-4.371303e-04
-4.208376e-04
-4.007999e-04
-3.778073e-04
-3.527211e-04
-3.264406e-04
-2.998713e-04
-2.738947e-04
-2.493408e-04
-2.269644e-04
-2.074257e-04
-1.912745e-04
-1.789393e-04
-1.707200e-04
-1.667849e-04
-1.671705e-04
-1.717844e-04
-1.804116e-04
-1.927220e-04
-2.082805e-04
-2.265593e-04
-2.469517e-04
-2.687875e-04
-2.913503e-04
-3.138972e-04
-3.356785e-04
-3.559603e-04
-3.740468e-04
-3.893039e-04
-4.011817e-04
-4.092362e-04
-4.131489e-04
-4.127431e-04
-4.079957e-04
-3.990443e-04
-3.861885e-04
-3.698835e-04
-3.507284e-04
-3.294467e-04
-3.068606e-04
-2.838597e-04
-2.613659e-04
-2.402942e-04
-2.215135e-04
-2.058071e-04
-1.938368e-04
-1.861107e-04
-1.829584e-04
-1.845131e-04
-1.907033e-04
-2.012537e-04
-2.156961e-04
-2.333899e-04
-2.535507e-04
-2.752862e-04
-2.976376e-04
-3.196242e-04
-3.402891e-04
-3.587434e-04
-3.742074e-04
-3.860452e-04
-3.937933e-04
-3.971792e-04
-3.961312e-04
-3.907782e-04
-3.814397e-04
-3.686073e-04
-3.529175e-04
-3.351191e-04
-3.160361e-04
-2.965279e-04
-2.774492e-04
-2.596117e-04
-2.437493e-04
-2.304878e-04
-2.203213e-04
-2.135953e-04
-2.104976e-04
-2.110561e-04
-2.151440e-04
-2.224915e-04
-2.327029e-04
-2.452782e-04
-2.596371e-04
-2.751466e-04
-2.911470e-04
-3.069794e-04
-3.220106e-04
-3.356563e-04
-3.474006e-04
-3.568136e-04
-3.635634e-04
-3.674260e-04
-3.682906e-04
-3.661608e-04
-3.611532e-04
-3.534916e-04
-3.434986e-04
-3.315837e-04
-3.182292e-04
-3.039732e-04
-2.893905e-04
-2.750726e-04
-2.616054e-04
-2.495469e-04
-2.394053e-04
-2.316173e-04
-2.265289e-04
-2.243781e-04
-2.252822e-04
-2.292280e-04
-2.360692e-04
-2.455273e-04
-2.572004e-04
-2.705770e-04
-2.850558e-04
-2.999710e-04
-3.146217e-04
-3.283041e-04
-3.403459e-04
-3.501395e-04
-3.571741e-04
-3.610638e-04
-3.615699e-04
-3.586169e-04
-3.523000e-04
-3.428842e-04
-3.307937e-04
-3.165936e-04
-3.009625e-04
-2.846592e-04
-2.684838e-04
-2.532362e-04
-2.396738e-04
-2.284705e-04
-2.201799e-04
-2.152053e-04
-2.137763e-04
-2.159364e-04
-2.215390e-04
-2.302559e-04
-2.415943e-04
-2.549238e-04
-2.695115e-04
-2.845618e-04
-2.992610e-04
-3.128217e-04
-3.245265e-04
-3.337671e-04
-3.400777e-04
-3.431593e-04
-3.428960e-04
-3.393593e-04
-3.328038e-04
-3.236514e-04
-3.124674e-04
-2.999289e-04
-2.867875e-04
-2.738289e-04
-2.618320e-04
-2.515283e-04
-2.435658e-04
-2.384787e-04
-2.366635e-04
-2.383641e-04
-2.436654e-04
-2.524961e-04
-2.646403e-04
-2.797562e-04
-2.974016e-04
-3.170644e-04
-3.381952e-04
-3.602416e-04
-3.826821e-04
-4.050561e-04
-4.269914e-04
-4.482254e-04
-4.686205e-04
-4.881732e-04
-5.070160e-04
-5.254126e-04
-5.437484e-04
-5.625142e-04
-5.822871e-04
-6.037076e-04
-6.274556e-04
-6.542255e-04
-6.847017e-04
-7.195364e-04
-7.593294e-04
-8.046113e-04
-8.558304e-04
-9.133443e-04
-9.774152e-04
-1.048210e-03
-1.125803e-03
-1.210187e-03
-1.301282e-03
-1.398951e-03
-1.503015e-03
-1.613277e-03
-1.729534e-03
-1.851603e-03
-1.979340e-03
-2.112652e-03
-2.251521e-03
-2.396011e-03
-2.546280e-03
-2.702580e-03
-2.865266e-03
-3.034780e-03
-3.211649e-03
-3.396466e-03
-3.589871e-03
-3.792528e-03
-4.005096e-03
-4.228205e-03
-4.462424e-03
-4.708231e-03
-4.965994e-03
-5.235942e-03
-5.518152e-03
-5.812536e-03
-6.118841e-03
-6.436645e-03
-6.765375e-03
-7.104317e-03
-7.452643e-03
-7.809440e-03
-8.173734e-03
-8.544527e-03
-8.920828e-03
-9.301676e-03
-9.686168e-03
-1.007347e-02
-1.046285e-02
-1.085363e-02
-1.124522e-02
-1.163709e-02
-1.202875e-02
-1.241971e-02
-1.280942e-02
-1.319730e-02
-1.358261e-02
-1.396452e-02
-1.434195e-02
-1.471367e-02
-1.507820e-02
-1.543382e-02
-1.577860e-02
-1.611038e-02
-1.642682e-02
-1.672541e-02
-1.700353e-02
-1.725847e-02
-1.748752e-02
-1.768797e-02
-1.785717e-02
-1.799259e-02
-1.809183e-02
-1.815263e-02
-1.817294e-02
-1.815084e-02
-1.808460e-02
-1.797264e-02
-1.781349e-02
-1.760578e-02
-1.734821e-02
-1.703953e-02
-1.667845e-02
-1.626369e-02
-1.579393e-02
-1.526777e-02
-1.468381e-02
-1.404056e-02
-1.333657e-02
-1.257034e-02
-1.174048e-02
-1.084567e-02
-9.884722e-03
-8.856661e-03
-7.760740e-03
-6.596494e-03
-5.363774e-03
-4.062777e-03
-2.694065e-03
-1.258569e-03
2.424063e-04
1.807196e-03
3.433796e-03
5.119888e-03
6.862871e-03
8.659899e-03
1.050791e-02
1.240368e-02
1.434381e-02
1.632480e-02
1.834306e-02
2.039489e-02
2.247652e-02
2.458410e-02
2.671368e-02
2.886122e-02
3.102255e-02
3.319337e-02
3.536922e-02
3.754548e-02
3.971732e-02
4.187975e-02
4.402755e-02
4.615533e-02
4.825749e-02
5.032828e-02
5.236180e-02
5.435203e-02
5.629287e-02
5.817818e-02
6.000179e-02
6.175757e-02
6.343947e-02
6.504154e-02
6.655796e-02
6.798308e-02
6.931143e-02
7.053778e-02
7.165708e-02
7.266454e-02
7.355559e-02
7.432589e-02
7.497132e-02
7.548800e-02
7.587224e-02
7.612055e-02
7.622964e-02
7.619640e-02
7.601789e-02
7.569136e-02
7.521421e-02
7.458405e-02
7.379866e-02
7.285604e-02
7.175438e-02
7.049213e-02
6.906800e-02
6.748098e-02
6.573037e-02
6.381582e-02
6.173732e-02
5.949524e-02
5.709038e-02
5.452392e-02
5.179749e-02
4.891313e-02
4.587333e-02
4.268098e-02
3.933940e-02
3.585229e-02
3.222373e-02
2.845816e-02
2.456035e-02
2.053538e-02
1.638859e-02
1.212563e-02
7.752378e-03
3.274959e-03
-1.300261e-03
-5.966678e-03
-1.071744e-02
-1.554546e-02
-2.044334e-02
-2.540344e-02
-3.041780e-02
-3.547813e-02
-4.057582e-02
-4.570193e-02
-5.084716e-02
-5.600187e-02
-6.115610e-02
-6.629960e-02
-7.142183e-02
-7.651202e-02
-8.155922e-02
-8.655234e-02
-9.148019e-02
-9.633159e-02
-1.010954e-01
-1.057604e-01
-1.103158e-01
-1.147507e-01
-1.190546e-01
-1.232171e-01
-1.272281e-01
-1.310778e-01
-1.347566e-01
-1.382550e-01
-1.415641e-01
-1.446749e-01
-1.475788e-01
-1.502673e-01
-1.527322e-01
-1.549655e-01
-1.569594e-01
-1.587063e-01
-1.601990e-01
-1.614305e-01
-1.623943e-01
-1.630840e-01
-1.634941e-01
-1.636193e-01
-1.634549e-01
-1.629968e-01
-1.622416e-01
-1.611865e-01
-1.598294e-01
-1.581689e-01
-1.562043e-01
-1.539354e-01
-1.513628e-01
-1.484876e-01
-1.453117e-01
-1.418373e-01
-1.380671e-01
-1.340045e-01
-1.296532e-01
-1.250172e-01
-1.201013e-01
-1.149103e-01
-1.094498e-01
-1.037257e-01
-9.774446e-02
-9.151292e-02
-8.503863e-02
-7.832964e-02
-7.139466e-02
-6.424301e-02
-5.688468e-02
-4.933032e-02
-4.159122e-02
-3.367931e-02
-2.560714e-02
-1.738781e-02
-9.034953e-03
-5.626696e-04
8.014534e-03
1.668180e-02
2.542397e-02
3.422566e-02
4.307128e-02
5.194511e-02
6.083131e-02
6.971394e-02
7.857702e-02
8.740447e-02
9.618018e-02
1.048880e-01
1.135117e-01
1.220350e-01
1.304416e-01
1.387152e-01
1.468394e-01
1.547979e-01
1.625742e-01
1.701523e-01
1.775159e-01
1.846493e-01
1.915367e-01
1.981627e-01
2.045125e-01
2.105715e-01
2.163256e-01
2.217614e-01
2.268659e-01
2.316270e-01
2.360330e-01
2.400729e-01
2.437365e-01
2.470142e-01
2.498970e-01
2.523768e-01
2.544457e-01
2.560970e-01
2.573241e-01
2.581214e-01
2.584838e-01
2.584067e-01
2.578862e-01
2.569192e-01
2.555032e-01
2.536363e-01
2.513174e-01
2.485463e-01
2.453234e-01
2.416502e-01
2.375287e-01
2.329622e-01
2.279547e-01
2.225110e-01
2.166372e-01
2.103399e-01
2.036268e-01
1.965066e-01
1.889887e-01
1.810833e-01
1.728014e-01
1.641550e-01
1.551565e-01
1.458192e-01
1.361571e-01
1.261847e-01
1.159173e-01
1.053706e-01
9.456101e-02
8.350548e-02
7.222152e-02
6.072719e-02
4.904104e-02
3.718218e-02
2.517017e-02
1.302505e-02
7.673171e-04
-1.158216e-02
-2.400211e-02
-3.647097e-02
-4.896688e-02
-6.146777e-02
-7.395138e-02
-8.639536e-02
-9.877731e-02
-1.110748e-01
-1.232656e-01
-1.353274e-01
-1.472382e-01
-1.589761e-01
-1.705197e-01
-1.818476e-01
-1.929389e-01
-2.037731e-01
-2.143300e-01
-2.245897e-01
-2.345330e-01
-2.441409e-01
-2.533950e-01
-2.622773e-01
-2.707704e-01
-2.788571e-01
-2.865212e-01
-2.937468e-01
-3.005187e-01
-3.068221e-01
-3.126433e-01
-3.179689e-01
-3.227867e-01
-3.270849e-01
-3.308528e-01
-3.340806e-01
-3.367594e-01
-3.388811e-01
-3.404390e-01
-3.414272e-01
-3.418408e-01
-3.416761e-01
-3.409305e-01
-3.396023e-01
-3.376912e-01
-3.351977e-01
-3.321234e-01
-3.284710e-01
-3.242442e-01
-3.194477e-01
-3.140872e-01
-3.081694e-01
-3.017019e-01
-2.946934e-01
-2.871533e-01
-2.790923e-01
-2.705217e-01
-2.614540e-01
-2.519026e-01
-2.418817e-01
-2.314066e-01
-2.204934e-01
-2.091592e-01
-1.974219e-01
-1.853004e-01
-1.728142e-01
-1.599837e-01
-1.468300e-01
-1.333749e-01
-1.196407e-01
-1.056503e-01
-9.142720e-02
-7.699515e-02
-6.237839e-02
-4.760144e-02
-3.268914e-02
-1.766653e-02
-2.558902e-03
1.260831e-02
2.780949e-02
4.301890e-02
5.821067e-02
7.335884e-02
8.843738e-02
1.034202e-01
1.182812e-01
1.329942e-01
1.475333e-01
1.618724e-01
1.759859e-01
1.898483e-01
2.034342e-01
2.167190e-01
2.296782e-01
2.422881e-01
2.545253e-01
2.663675e-01
2.777927e-01
2.887799e-01
2.993091e-01
3.093610e-01
3.189170e-01
3.279597e-01
3.364726e-01
3.444401e-01
3.518473e-01
3.586804e-01
3.649267e-01
3.705742e-01
3.756118e-01
3.800294e-01
3.838180e-01
3.869694e-01
3.894765e-01
3.913331e-01
3.925345e-01
3.930766e-01
3.929568e-01
3.921735e-01
3.907266e-01
3.886170e-01
3.858468e-01
3.824196e-01
3.783401e-01
3.736141e-01
3.682489e-01
3.622528e-01
3.556351e-01
3.484064e-01
3.405783e-01
3.321633e-01
3.231751e-01
3.136280e-01
3.035376e-01
2.929200e-01
2.817926e-01
2.701733e-01
2.580811e-01
2.455357e-01
2.325578e-01
2.191689e-01
2.053914e-01
1.912483e-01
1.767637e-01
1.619624e-01
1.468696e-01
1.315116e-01
1.159149e-01
1.001069e-01
8.411500e-02
6.796728e-02
5.169192e-02
3.531733e-02
1.887200e-02
2.384441e-03
-1.411687e-02
-3.060354e-02
-4.704734e-02
-6.342019e-02
-7.969424e-02
-9.584185e-02
-1.118356e-01
-1.276484e-01
-1.432533e-01
-1.586237e-01
-1.737334e-01
-1.885563e-01
-2.030670e-01
-2.172401e-01
-2.310510e-01
-2.444754e-01
-2.574899e-01
-2.700713e-01
-2.821975e-01
-2.938470e-01
-3.049994e-01
-3.156349e-01
-3.257350e-01
-3.352822e-01
-3.442598e-01
-3.526526e-01
-3.604462e-01
-3.676275e-01
-3.741846e-01
-3.801067e-01
-3.853839e-01
-3.900077e-01
-3.939707e-01
-3.972665e-01
-3.998897e-01
-4.018364e-01
-4.031034e-01
-4.036890e-01
-4.035923e-01
-4.028140e-01
-4.013556e-01
-3.992200e-01
-3.964115e-01
-3.929353e-01
-3.887982e-01
-3.840080e-01
-3.785739e-01
-3.725062e-01
-3.658165e-01
-3.585175e-01
-3.506228e-01
-3.421474e-01
-3.331070e-01
-3.235183e-01
-3.133989e-01
-3.027673e-01
-2.916426e-01
-2.800447e-01
-2.679942e-01
-2.555124e-01
-2.426212e-01
-2.293432e-01
-2.157015e-01
-2.017200e-01
-1.874228e-01
-1.728352e-01
-1.579824e-01
-1.428906e-01
-1.275863e-01
-1.120965e-01
-9.644854e-02
-8.067012e-02
-6.478923e-02
-4.883402e-02
-3.283276e-02
-1.681373e-02
-8.051586e-04
1.516485e-02
3.106842e-02
4.687795e-02
6.256616e-02
7.810619e-02
9.347160e-02
1.086364e-01
1.235752e-01
1.382629e-01
1.526753e-01
1.667885e-01
1.805791e-01
1.940246e-01
2.071029e-01
2.197926e-01
2.320730e-01
2.439240e-01
2.553264e-01
2.662617e-01
2.767121e-01
2.866610e-01
2.960924e-01
3.049916e-01
3.133445e-01
3.211385e-01
3.283617e-01
3.350036e-01
3.410546e-01
3.465063e-01
3.513514e-01
3.555840e-01
3.591989e-01
3.621924e-01
3.645616e-01
3.663049e-01
3.674217e-01
3.679125e-01
3.677789e-01
3.670236e-01
3.656502e-01
3.636636e-01
3.610696e-01
3.578751e-01
3.540881e-01
3.497177e-01
3.447740e-01
3.392682e-01
3.332125e-01
3.266200e-01
3.195050e-01
3.118825e-01
3.037686e-01
2.951801e-01
2.861346e-01
2.766505e-01
2.667467e-01
2.564430e-01
2.457594e-01
2.347168e-01
2.233362e-01
2.116394e-01
1.996481e-01
1.873848e-01
1.748721e-01
1.621330e-01
1.491906e-01
1.360683e-01
1.227900e-01
1.093794e-01
9.586073e-02
8.225808e-02
6.859579e-02
5.489826e-02
4.118989e-02
2.749504e-02
1.383798e-02
2.428403e-04
-1.326648e-02
-2.666637e-02
-3.993354e-02
-5.304512e-02
-6.597872e-02
-7.871244e-02
-9.122498e-02
-1.034957e-01
-1.155044e-01
-1.272319e-01
-1.386595e-01
-1.497692e-01
-1.605440e-01
-1.709675e-01
-1.810239e-01
-1.906986e-01
-1.999775e-01
-2.088474e-01
-2.172959e-01
-2.253115e-01
-2.328834e-01
-2.400017e-01
-2.466576e-01
-2.528429e-01
-2.585505e-01
-2.637741e-01
-2.685084e-01
-2.727490e-01
-2.764926e-01
-2.797368e-01
-2.824800e-01
-2.847217e-01
-2.864624e-01
-2.877035e-01
-2.884472e-01
-2.886969e-01
-2.884565e-01
-2.877312e-01
-2.865267e-01
-2.848496e-01
-2.827076e-01
-2.801087e-01
-2.770622e-01
-2.735776e-01
-2.696656e-01
-2.653374e-01
-2.606048e-01
-2.554804e-01
-2.499775e-01
-2.441100e-01
-2.378923e-01
-2.313395e-01
-2.244670e-01
-2.172910e-01
-2.098279e-01
-2.020946e-01
-1.941084e-01
-1.858869e-01
-1.774478e-01
-1.688091e-01
-1.599889e-01
-1.510054e-01
-1.418768e-01
-1.326214e-01
-1.232574e-01
-1.138029e-01
-1.042758e-01
-9.469407e-02
-8.507532e-02
-7.543711e-02
-6.579675e-02
-5.617136e-02
-4.657783e-02
-3.703280e-02
-2.755266e-02
-1.815351e-02
-8.851162e-03
3.389290e-04
9.401657e-03
1.832232e-02
2.708665e-02
3.568085e-02
4.409165e-02
5.230631e-02
6.031268e-02
6.809923e-02
7.565506e-02
8.296996e-02
9.003436e-02
9.683942e-02
1.033769e-01
1.096395e-01
1.156202e-01
1.213130e-01
1.267124e-01
1.318135e-01
1.366122e-01
1.411048e-01
1.452884e-01
1.491605e-01
1.527194e-01
1.559637e-01
1.588929e-01
1.615069e-01
1.638061e-01
1.657918e-01
1.674657e-01
1.688301e-01
1.698880e-01
1.706431e-01
1.710994e-01
1.712618e-01
1.711356e-01
1.707267e-01
1.700417e-01
1.690873e-01
1.678710e-01
1.664006e-01
1.646842e-01
1.627304e-01
1.605479e-01
1.581458e-01
1.555335e-01
1.527205e-01
1.497165e-01
1.465313e-01
1.431752e-01
1.396582e-01
1.359906e-01
1.321831e-01
1.282460e-01
1.241901e-01
1.200260e-01
1.157647e-01
1.114167e-01
1.069930e-01
1.025043e-01
9.796134e-02
9.337458e-02
8.875449e-02
8.411133e-02
7.945511e-02
7.479564e-02
7.014243e-02
6.550471e-02
6.089144e-02
5.631124e-02
5.177242e-02
4.728300e-02
4.285066e-02
3.848279e-02
3.418647e-02
2.996847e-02
2.583523e-02
2.179292e-02
1.784733e-02
1.400395e-02
1.026789e-02
6.643850e-03
3.136156e-03
-2.513250e-04
-3.515188e-03
-6.652513e-03
-9.660888e-03
-1.253842e-02
-1.528373e-02
-1.789598e-02
-2.037482e-02
-2.272040e-02
-2.493334e-02
-2.701468e-02
-2.896588e-02
-3.078871e-02
-3.248529e-02
-3.405801e-02
-3.550947e-02
-3.684252e-02
-3.806014e-02
-3.916552e-02
-4.016197e-02
-4.105295e-02
-4.184209e-02
-4.253315e-02
-4.313006e-02
-4.363693e-02
-4.405806e-02
-4.439792e-02
-4.466120e-02
-4.485275e-02
-4.497764e-02
-4.504105e-02
-4.504835e-02
-4.500499e-02
-4.491650e-02
-4.478844e-02
-4.462638e-02
-4.443583e-02
-4.422221e-02
-4.399084e-02
-4.374689e-02
-4.349533e-02
-4.324097e-02
-4.298841e-02
-4.274203e-02
-4.250603e-02
-4.228438e-02
-4.208087e-02
-4.189909e-02
-4.174246e-02
-4.161419e-02
-4.151733e-02
-4.145472e-02
-4.142901e-02
-4.144264e-02
-4.149781e-02
-4.159645e-02
-4.174022e-02
-4.193050e-02
-4.216833e-02
-4.245440e-02
-4.278906e-02
-4.317230e-02
-4.360376e-02
-4.408271e-02
-4.460808e-02
-4.517849e-02
-4.579222e-02
-4.644732e-02
-4.714154e-02
-4.787243e-02
-4.863731e-02
-4.943331e-02
-5.025739e-02
-5.110633e-02
-5.197675e-02
-5.286508e-02
-5.376760e-02
-5.468037e-02
-5.559928e-02
-5.652000e-02
-5.743800e-02
-5.834853e-02
-5.924664e-02
-6.012717e-02
-6.098481e-02
-6.181407e-02
-6.260938e-02
-6.336505e-02
-6.407540e-02
-6.473474e-02
-6.533743e-02
-6.587795e-02
-6.635091e-02
-6.675109e-02
-6.707347e-02
-6.731325e-02
-6.746585e-02
-6.752693e-02
-6.749237e-02
-6.735826e-02
-6.712088e-02
-6.677673e-02
-6.632246e-02
-6.575489e-02
-6.507101e-02
-6.426795e-02
-6.334303e-02
-6.229373e-02
-6.111777e-02
-5.981306e-02
-5.837781e-02
-5.681051e-02
-5.511000e-02
-5.327546e-02
-5.130652e-02
-4.920317e-02
-4.696590e-02
-4.459561e-02
-4.209367e-02
-3.946188e-02
-3.670249e-02
-3.381813e-02
-3.081184e-02
-2.768699e-02
-2.444729e-02
-2.109675e-02
-1.763967e-02
-1.408058e-02
-1.042429e-02
-6.675835e-03
-2.840494e-03
1.076201e-03
5.068460e-03
9.130226e-03
1.325516e-02
1.743661e-02
2.166765e-02
2.594102e-02
3.024917e-02
3.458425e-02
3.893814e-02
4.330246e-02
4.766860e-02
5.202778e-02
5.637107e-02
6.068942e-02
6.497375e-02
6.921491e-02
7.340382e-02
7.753139e-02
8.158865e-02
8.556669e-02
8.945673e-02
9.325007e-02
9.693817e-02
1.005126e-01
1.039650e-01
1.072873e-01
1.104713e-01
1.135091e-01
1.163931e-01
1.191156e-01
1.216691e-01
1.240466e-01
1.262410e-01
1.282459e-01
1.300547e-01
1.316617e-01
1.330611e-01
1.342480e-01
1.352175e-01
1.359656e-01
1.364883e-01
1.367826e-01
1.368455e-01
1.366747e-01
1.362685e-01
1.356253e-01
1.347444e-01
1.336250e-01
1.322671e-01
1.306711e-01
1.288375e-01
1.267675e-01
1.244627e-01
1.219251e-01
1.191571e-01
1.161617e-01
1.129423e-01
1.095029e-01
1.058479e-01
1.019825e-01
9.791216e-02
9.364304e-02
8.918176e-02
8.453548e-02
7.971181e-02
7.471879e-02
6.956487e-02
6.425884e-02
5.880981e-02
5.322716e-02
4.752051e-02
4.169966e-02
3.577463e-02
2.975555e-02
2.365275e-02
1.747668e-02
1.123792e-02
4.947234e-03
-1.384495e-03
-7.746208e-03
-1.412669e-02
-2.051458e-02
-2.689835e-02
-3.326636e-02
-3.960685e-02
-4.590799e-02
-5.215789e-02
-5.834468e-02
-6.445653e-02
-7.048173e-02
-7.640870e-02
-8.222606e-02
-8.792269e-02
-9.348773e-02
-9.891066e-02
-1.041813e-01
-1.092898e-01
-1.142266e-01
-1.189828e-01
-1.235496e-01
-1.279185e-01
-1.320817e-01
-1.360314e-01
-1.397604e-01
-1.432616e-01
-1.465285e-01
-1.495547e-01
-1.523343e-01
-1.548619e-01
-1.571322e-01
-1.591405e-01
-1.608827e-01
-1.623549e-01
-1.635540e-01
-1.644770e-01
-1.651220e-01
-1.654872e-01
-1.655716e-01
-1.653748e-01
-1.648969e-01
-1.641385e-01
-1.631009e-01
-1.617857e-01
-1.601952e-01
-1.583322e-01
-1.561998e-01
-1.538016e-01
-1.511418e-01
-1.482249e-01
-1.450556e-01
-1.416395e-01
-1.379822e-01
-1.340898e-01
-1.299689e-01
-1.256263e-01
-1.210694e-01
-1.163060e-01
-1.113439e-01
-1.061917e-01
-1.008582e-01
-9.535222e-02
-8.968325e-02
-8.386083e-02
-7.789476e-02
-7.179504e-02
-6.557184e-02
-5.923546e-02
-5.279634e-02
-4.626501e-02
-3.965214e-02
-3.296844e-02
-2.622476e-02
-1.943204e-02
-1.260129e-02
-5.743655e-03
1.129626e-03
8.007211e-03
1.487765e-02
2.172942e-02
2.855092e-02
3.533047e-02
4.205642e-02
4.871710e-02
5.530091e-02
6.179634e-02
6.819201e-02
7.447674e-02
8.063956e-02
8.666979e-02
9.255699e-02
9.829108e-02
1.038623e-01
1.092612e-01
1.144788e-01
1.195063e-01
1.243353e-01
1.289579e-01
1.333663e-01
1.375532e-01
1.415114e-01
1.452343e-01
1.487153e-01
1.519483e-01
1.549277e-01
1.576479e-01
1.601040e-01
1.622912e-01
1.642055e-01
1.658431e-01
1.672009e-01
1.682761e-01
1.690667e-01
1.695710e-01
1.697882e-01
1.697178e-01
1.693601e-01
1.687157e-01
1.677861e-01
1.665731e-01
1.650791e-01
1.633070e-01
1.612603e-01
1.589427e-01
1.563587e-01
1.535128e-01
1.504104e-01
1.470569e-01
1.434585e-01
1.396215e-01
1.355528e-01
1.312597e-01
1.267498e-01
1.220313e-01
1.171127e-01
1.120028e-01
1.067111e-01
1.012471e-01
9.562085e-02
8.984268e-02
8.392315e-02
7.787309e-02
7.170354e-02
6.542570e-02
5.905088e-02
5.259052e-02
4.605612e-02
3.945922e-02
3.281136e-02
2.612412e-02
1.940901e-02
1.267755e-02
5.941202e-03
-7.886279e-04
-7.500588e-03
-1.418340e-02
-2.082588e-02
-2.741692e-02
-3.394554e-02
-4.040088e-02
-4.677224e-02
-5.304908e-02
-5.922106e-02
-6.527804e-02
-7.121013e-02
-7.700767e-02
-8.266131e-02
-8.816196e-02
-9.350084e-02
-9.866947e-02
-1.036597e-01
-1.084637e-01
-1.130740e-01
-1.174834e-01
-1.216850e-01
-1.256724e-01
-1.294393e-01
-1.329799e-01
-1.362888e-01
-1.393607e-01
-1.421911e-01
-1.447754e-01
-1.471098e-01
-1.491908e-01
-1.510154e-01
-1.525808e-01
-1.538851e-01
-1.549267e-01
-1.557044e-01
-1.562177e-01
-1.564665e-01
-1.564513e-01
-1.561731e-01
-1.556332e-01
-1.548337e-01
-1.537768e-01
-1.524656e-01
-1.509031e-01
-1.490932e-01
-1.470398e-01
-1.447475e-01
-1.422211e-01
-1.394659e-01
-1.364874e-01
-1.332916e-01
-1.298849e-01
-1.262739e-01
-1.224658e-01
-1.184679e-01
-1.142882e-01
-1.099346e-01
-1.054157e-01
-1.007403e-01
-9.591750e-02
-9.095654e-02
-8.586701e-02
-8.065867e-02
-7.534142e-02
-6.992529e-02
-6.442038e-02
-5.883686e-02
-5.318491e-02
-4.747470e-02
-4.171638e-02
-3.592006e-02
-3.009578e-02
-2.425354e-02
-1.840324e-02
-1.255472e-02
-6.717746e-03
-9.020146e-04
4.882861e-03
1.062735e-02
1.632199e-02
2.195743e-02
2.752442e-02
3.301383e-02
3.841666e-02
4.372409e-02
4.892747e-02
5.401835e-02
5.898854e-02
6.383008e-02
6.853529e-02
7.309678e-02
7.750748e-02
8.176064e-02
8.584982e-02
8.976892e-02
9.351220e-02
9.707423e-02
1.004499e-01
1.036345e-01
1.066236e-01
1.094130e-01
1.119991e-01
1.143784e-01
1.165478e-01
1.185046e-01
1.202465e-01
1.217714e-01
1.230778e-01
1.241645e-01
1.250308e-01
1.256762e-01
1.261011e-01
1.263059e-01
1.262916e-01
1.260599e-01
1.256127e-01
1.249523e-01
1.240817e-01
1.230040e-01
1.217230e-01
1.202427e-01
1.185675e-01
1.167021e-01
1.146514e-01
1.124208e-01
1.100159e-01
1.074424e-01
1.047063e-01
1.018138e-01
9.877123e-02
9.558522e-02
9.226244e-02
8.880976e-02
8.523415e-02
8.154276e-02
7.774282e-02
7.384169e-02
6.984683e-02
6.576579e-02
6.160619e-02
5.737573e-02
5.308217e-02
4.873332e-02
4.433700e-02
3.990110e-02
3.543348e-02
3.094204e-02
2.643465e-02
2.191919e-02
1.740348e-02
1.289535e-02
8.402544e-03
3.932776e-03
-5.063237e-04
-4.907206e-03
-9.262423e-03
-1.356465e-02
-1.780669e-02
-2.198151e-02
-2.608227e-02
-3.010230e-02
-3.403517e-02
-3.787468e-02
-4.161489e-02
-4.525013e-02
-4.877501e-02
-5.218443e-02
-5.547361e-02
-5.863805e-02
-6.167357e-02
-6.457628e-02
-6.734260e-02
-6.996925e-02
-7.245323e-02
-7.479182e-02
-7.698259e-02
-7.902341e-02
-8.091238e-02
-8.264792e-02
-8.422872e-02
-8.565375e-02
-8.692228e-02
-8.803388e-02
-8.898842e-02
-8.978610e-02
-9.042743e-02
-9.091324e-02
-9.124468e-02
-9.142322e-02
-9.145066e-02
-9.132906e-02
-9.106081e-02
-9.064852e-02
-9.009508e-02
-8.940358e-02
-8.857733e-02
-8.761978e-02
-8.653455e-02
-8.532541e-02
-8.399620e-02
-8.255088e-02
-8.099349e-02
-7.932816e-02
-7.755909e-02
-7.569056e-02
-7.372691e-02
-7.167259e-02
-6.953214e-02
-6.731018e-02
-6.501145e-02
-6.264078e-02
-6.020313e-02
-5.770352e-02
-5.514709e-02
-5.253905e-02
-4.988469e-02
-4.718934e-02
-4.445832e-02
-4.169701e-02
-3.891071e-02
-3.610470e-02
-3.328418e-02
-3.045426e-02
-2.761992e-02
-2.478601e-02
-2.195726e-02
-1.913820e-02
-1.633323e-02
-1.354659e-02
-1.078232e-02
-8.044324e-03
-5.336321e-03
-2.661872e-03
-2.437530e-05
2.572935e-03
5.126988e-03
7.634881e-03
1.009388e-02
1.250142e-02
1.485512e-02
1.715278e-02
1.939240e-02
2.157217e-02
2.369047e-02
2.574589e-02
2.773720e-02
2.966337e-02
3.152357e-02
3.331711e-02
3.504351e-02
3.670240e-02
3.829357e-02
3.981693e-02
4.127248e-02
4.266036e-02
4.398075e-02
4.523395e-02
4.642030e-02
4.754024e-02
4.859426e-02
4.958295e-02
5.050695e-02
5.136701e-02
5.216395e-02
5.289870e-02
5.357227e-02
5.418578e-02
5.474044e-02
5.523755e-02
5.567852e-02
5.606478e-02
5.639788e-02
5.667935e-02
5.691079e-02
5.709377e-02
5.722986e-02
5.732059e-02
5.736741e-02
5.737172e-02
5.733481e-02
5.725787e-02
5.714199e-02
5.698811e-02
5.679708e-02
5.656961e-02
5.630628e-02
5.600755e-02
5.567378e-02
5.530521e-02
5.490197e-02
5.446410e-02
5.399154e-02
5.348415e-02
5.294170e-02
5.236391e-02
5.175040e-02
5.110076e-02
5.041449e-02
4.969109e-02
4.892998e-02
4.813058e-02
4.729226e-02
4.641442e-02
4.549641e-02
4.453764e-02
4.353749e-02
4.249540e-02
4.141081e-02
4.028320e-02
3.911210e-02
3.789706e-02
3.663765e-02
3.533349e-02
3.398422e-02
3.258949e-02
3.114896e-02
2.966234e-02
2.812930e-02
2.654958e-02
2.492289e-02
2.324901e-02
2.152773e-02
1.975892e-02
1.794249e-02
1.607847e-02
1.416699e-02
1.220830e-02
1.020283e-02
8.151160e-03
6.054052e-03
3.912478e-03
1.727609e-03
-4.991714e-04
-2.766272e-03
-5.071897e-03
-7.414057e-03
-9.790575e-03
-1.219911e-02
-1.463715e-02
-1.710205e-02
-1.959105e-02
-2.210125e-02
-2.462965e-02
-2.717314e-02
-2.972854e-02
-3.229253e-02
-3.486173e-02
-3.743263e-02
-4.000163e-02
-4.256499e-02
-4.511888e-02
-4.765934e-02
-5.018231e-02
-5.268360e-02
-5.515892e-02
-5.760388e-02
-6.001402e-02
-6.238483e-02
-6.471174e-02
-6.699015e-02
-6.921548e-02
-7.138315e-02
-7.348861e-02
-7.552735e-02
-7.749492e-02
-7.938693e-02
-8.119904e-02
-8.292696e-02
-8.456647e-02
-8.611336e-02
-8.756348e-02
-8.891269e-02
-9.015688e-02
-9.129193e-02
-9.231376e-02
-9.321829e-02
-9.400148e-02
-9.465932e-02
-9.518789e-02
-9.558334e-02
-9.584195e-02
-9.596013e-02
-9.593450e-02
-9.576189e-02
-9.543937e-02
-9.496427e-02
-9.433425e-02
-9.354726e-02
-9.260158e-02
-9.149583e-02
-9.022898e-02
-8.880031e-02
-8.720945e-02
-8.545635e-02
-8.354124e-02
-8.146469e-02
-7.922752e-02
-7.683086e-02
-7.427609e-02
-7.156487e-02
-6.869914e-02
-6.568108e-02
-6.251319e-02
-5.919823e-02
-5.573927e-02
-5.213969e-02
-4.840319e-02
-4.453378e-02
-4.053583e-02
-3.641403e-02
-3.217342e-02
-2.781938e-02
-2.335761e-02
-1.879417e-02
-1.413541e-02
-9.387998e-03
-4.558896e-03
3.446450e-04
5.315107e-03
1.034471e-02
1.542543e-02
2.054900e-02
2.570693e-02
3.089051e-02
3.609083e-02
4.129878e-02
4.650508e-02
5.170028e-02
5.687478e-02
6.201886e-02
6.712271e-02
7.217644e-02
7.717012e-02
8.209381e-02
8.693760e-02
9.169163e-02
9.634613e-02
1.008915e-01
1.053181e-01
1.096168e-01
1.137784e-01
1.177939e-01
1.216548e-01
1.253525e-01
1.288789e-01
1.322260e-01
1.353862e-01
1.383519e-01
1.411160e-01
1.436715e-01
1.460117e-01
1.481302e-01
1.500210e-01
1.516780e-01
1.530958e-01
1.542691e-01
1.551931e-01
1.558633e-01
1.562754e-01
1.564259e-01
1.563113e-01
1.559290e-01
1.552765e-01
1.543520e-01
1.531541e-01
1.516818e-01
1.499350e-01
1.479136e-01
1.456184e-01
1.430506e-01
1.402120e-01
1.371047e-01
1.337316e-01
1.300960e-01
1.262018e-01
1.220534e-01
1.176557e-01
1.130143e-01
1.081350e-01
1.030245e-01
9.768986e-02
9.213856e-02
8.637867e-02
8.041869e-02
7.426757e-02
6.793464e-02
6.142965e-02
5.476266e-02
4.794409e-02
4.098463e-02
3.389524e-02
2.668715e-02
1.937180e-02
1.196087e-02
4.466257e-03
-3.099945e-03
-1.072541e-02
-1.839761e-02
-2.610379e-02
-3.383097e-02
-4.156595e-02
-4.929533e-02
-5.700549e-02
-6.468262e-02
-7.231276e-02
-7.988182e-02
-8.737562e-02
-9.477992e-02
-1.020805e-01
-1.092633e-01
-1.163141e-01
-1.232192e-01
-1.299650e-01
-1.365380e-01
-1.429254e-01
-1.491145e-01
-1.550931e-01
-1.608493e-01
-1.663718e-01
-1.716496e-01
-1.766724e-01
-1.814300e-01
-1.859129e-01
-1.901120e-01
-1.940184e-01
-1.976238e-01
-2.009204e-01
-2.039007e-01
-2.065576e-01
-2.088845e-01
-2.108753e-01
-2.125242e-01
-2.138261e-01
-2.147763e-01
-2.153707e-01
-2.156058e-01
-2.154787e-01
-2.149871e-01
-2.141292e-01
-2.129042e-01
-2.113115e-01
-2.093515e-01
-2.070250e-01
-2.043338e-01
-2.012799e-01
-1.978662e-01
-1.940962e-01
-1.899739e-01
-1.855040e-01
-1.806918e-01
-1.755432e-01
-1.700647e-01
-1.642634e-01
-1.581469e-01
-1.517237e-01
-1.450024e-01
-1.379928e-01
-1.307048e-01
-1.231492e-01
-1.153371e-01
-1.072804e-01
-9.899150e-02
-9.048311e-02
-8.176858e-02
-7.286167e-02
-6.377653e-02
-5.452771e-02
-4.513011e-02
-3.559895e-02
-2.594973e-02
-1.619824e-02
-6.360515e-03
3.547192e-03
1.350840e-02
2.350645e-02
3.352447e-02
4.354546e-02
5.355227e-02
6.352760e-02
7.345408e-02
8.331428e-02
9.309072e-02
1.027659e-01
1.123225e-01
1.217431e-01
1.310106e-01
1.401079e-01
1.490182e-01
1.577251e-01
1.662124e-01
1.744642e-01
1.824651e-01
1.901999e-01
1.976541e-01
2.048136e-01
2.116644e-01
2.181935e-01
2.243880e-01
2.302356e-01
2.357246e-01
2.408437e-01
2.455822e-01
2.499297e-01
2.538768e-01
2.574143e-01
2.605338e-01
2.632274e-01
2.654881e-01
2.673093e-01
2.686853e-01
2.696111e-01
2.700826e-01
2.700962e-01
2.696493e-01
2.687402e-01
2.673679e-01
2.655321e-01
2.632337e-01
2.604741e-01
2.572558e-01
2.535818e-01
2.494563e-01
2.448842e-01
2.398710e-01
2.344234e-01
2.285487e-01
2.222550e-01
2.155513e-01
2.084473e-01
2.009536e-01
1.930815e-01
1.848431e-01
1.762511e-01
1.673191e-01
1.580612e-01
1.484923e-01
1.386276e-01
1.284833e-01
1.180756e-01
1.074217e-01
9.653881e-02
8.544478e-02
7.415776e-02
6.269626e-02
5.107910e-02
3.932542e-02
2.745465e-02
1.548648e-02
3.440891e-03
-8.661905e-03
-2.080145e-02
-3.295707e-02
-4.510788e-02
-5.723283e-02
-6.931075e-02
-8.132035e-02
-9.324030e-02
-1.050493e-01
-1.167260e-01
-1.282492e-01
-1.395981e-01
-1.507518e-01
-1.616898e-01
-1.723921e-01
-1.828390e-01
-1.930112e-01
-2.028898e-01
-2.124567e-01
-2.216941e-01
-2.305848e-01
-2.391123e-01
-2.472606e-01
-2.550142e-01
-2.623585e-01
-2.692794e-01
-2.757634e-01
-2.817977e-01
-2.873704e-01
-2.924699e-01
-2.970859e-01
-3.012085e-01
-3.048289e-01
-3.079389e-01
-3.105313e-01
-3.126001e-01
-3.141398e-01
-3.151462e-01
-3.156160e-01
-3.155469e-01
-3.149375e-01
-3.137876e-01
-3.120978e-01
-3.098698e-01
-3.071062e-01
-3.038106e-01
-2.999876e-01
-2.956425e-01
-2.907817e-01
-2.854124e-01
-2.795428e-01
-2.731819e-01
-2.663397e-01
-2.590269e-01
-2.512551e-01
-2.430369e-01
-2.343857e-01
-2.253156e-01
-2.158418e-01
-2.059800e-01
-1.957469e-01
-1.851597e-01
-1.742366e-01
-1.629961e-01
-1.514575e-01
-1.396406e-01
-1.275657e-01
-1.152536e-01
-1.027255e-01
-9.000286e-02
-7.710759e-02
-6.406189e-02
-5.088824e-02
-3.760936e-02
-2.424823e-02
-1.082805e-02
2.627771e-03
1.609565e-02
2.955183e-02
4.297245e-02
5.633352e-02
6.961100e-02
8.278087e-02
9.581913e-02
1.087019e-01
1.214054e-01
1.339063e-01
1.461813e-01
1.582077e-01
1.699631e-01
1.814256e-01
1.925741e-01
2.033878e-01
2.138468e-01
2.239318e-01
2.336241e-01
2.429061e-01
2.517608e-01
2.601718e-01
2.681239e-01
2.756025e-01
2.825938e-01
2.890852e-01
2.950645e-01
3.005207e-01
3.054439e-01
3.098247e-01
3.136550e-01
3.169277e-01
3.196367e-01
3.217768e-01
3.233442e-01
3.243360e-01
3.247503e-01
3.245868e-01
3.238458e-01
3.225290e-01
3.206394e-01
3.181808e-01
3.151583e-01
3.115781e-01
3.074475e-01
3.027746e-01
2.975690e-01
2.918408e-01
2.856016e-01
2.788637e-01
2.716404e-01
2.639458e-01
2.557952e-01
2.472047e-01
2.381910e-01
2.287721e-01
2.189663e-01
2.087929e-01
1.982722e-01
1.874246e-01
1.762716e-01
1.648352e-01
1.531378e-01
1.412024e-01
1.290525e-01
1.167119e-01
1.042049e-01
9.155578e-02
7.878945e-02
6.593084e-02
5.300509e-02
4.003744e-02
2.705323e-02
1.407781e-02
1.136495e-03
-1.174546e-02
-2.454295e-02
-3.723104e-02
-4.978509e-02
-6.218076e-02
-7.439408e-02
-8.640156e-02
-9.818021e-02
-1.097076e-01
-1.209621e-01
-1.319224e-01
-1.425684e-01
-1.528804e-01
-1.628397e-01
-1.724285e-01
-1.816298e-01
-1.904274e-01
-1.988061e-01
-2.067517e-01
-2.142506e-01
-2.212906e-01
-2.278601e-01
-2.339484e-01
-2.395461e-01
-2.446445e-01
-2.492361e-01
-2.533142e-01
-2.568735e-01
-2.599095e-01
-2.624191e-01
-2.644001e-01
-2.658516e-01
-2.667741e-01
-2.671690e-01
-2.670390e-01
-2.663883e-01
-2.652219e-01
-2.635463e-01
-2.613690e-01
-2.586986e-01
-2.555447e-01
-2.519182e-01
-2.478307e-01
-2.432948e-01
-2.383239e-01
-2.329324e-01
-2.271353e-01
-2.209484e-01
-2.143881e-01
-2.074717e-01
-2.002168e-01
-1.926419e-01
-1.847659e-01
-1.766082e-01
-1.681888e-01
-1.595282e-01
-1.506472e-01
-1.415671e-01
-1.323093e-01
-1.228958e-01
-1.133486e-01
-1.036899e-01
-9.394200e-02
-8.412712e-02
-7.426756e-02
-6.438546e-02
-5.450279e-02
-4.464133e-02
-3.482257e-02
-2.506769e-02
-1.539751e-02
-5.832499e-03
3.607324e-03
1.290237e-02
2.203352e-02
3.098215e-02
3.973017e-02
4.826003e-02
5.655478e-02
6.459806e-02
7.237418e-02
7.986811e-02
8.706557e-02
9.395302e-02
1.005177e-01
1.067477e-01
1.126320e-01
1.181603e-01
1.233234e-01
1.281130e-01
1.325216e-01
1.365428e-01
1.401709e-01
1.434015e-01
1.462309e-01
1.486564e-01
1.506763e-01
1.522898e-01
1.534971e-01
1.542993e-01
1.546985e-01
1.546977e-01
1.543010e-01
1.535133e-01
1.523407e-01
1.507901e-01
1.488695e-01
1.465877e-01
1.439547e-01
1.409812e-01
1.376789e-01
1.340603e-01
1.301388e-01
1.259283e-01
1.214437e-01
1.167002e-01
1.117137e-01
1.065008e-01
1.010780e-01
9.546278e-02
8.967246e-02
8.372485e-02
7.763793e-02
7.142990e-02
6.511909e-02
5.872400e-02
5.226322e-02
4.575544e-02
3.921943e-02
3.267397e-02
2.613790e-02
1.963002e-02
1.316907e-02
6.773704e-03
4.624084e-04
-5.746528e-03
-1.183508e-02
-1.778557e-02
-2.358070e-02
-2.920363e-02
-3.463804e-02
-3.986822e-02
-4.487905e-02
-4.965613e-02
-5.418578e-02
-5.845508e-02
-6.245192e-02
-6.616499e-02
-6.958386e-02
-7.269892e-02
-7.550145e-02
-7.798362e-02
-8.013847e-02
-8.195997e-02
-8.344296e-02
-8.458323e-02
-8.537747e-02
-8.582332e-02
-8.591935e-02
-8.566509e-02
-8.506099e-02
-8.410850e-02
-8.280999e-02
-8.116880e-02
-7.918920e-02
-7.687641e-02
-7.423653e-02
-7.127661e-02
-6.800455e-02
-6.442909e-02
-6.055984e-02
-5.640717e-02
-5.198225e-02
-4.729699e-02
-4.236403e-02
-3.719670e-02
-3.180898e-02
-2.621551e-02
-2.043153e-02
-1.447287e-02
-8.355886e-03
-2.097476e-03
4.284995e-03
1.077372e-02
1.735049e-02
2.399676e-02
3.069365e-02
3.742205e-02
4.416264e-02
5.089594e-02
5.760239e-02
6.426235e-02
7.085622e-02
7.736441e-02
8.376745e-02
9.004598e-02
9.618085e-02
1.021531e-01
1.079440e-01
1.135351e-01
1.189085e-01
1.240462e-01
1.289311e-01
1.335462e-01
1.378751e-01
1.419021e-01
1.456119e-01
1.489898e-01
1.520220e-01
1.546954e-01
1.569976e-01
1.589172e-01
1.604435e-01
1.615670e-01
1.622790e-01
1.625718e-01
1.624389e-01
1.618747e-01
1.608747e-01
1.594355e-01
1.575546e-01
1.552307e-01
1.524636e-01
1.492541e-01
1.456039e-01
1.415158e-01
1.369939e-01
1.320431e-01
1.266693e-01
1.208796e-01
1.146820e-01
1.080859e-01
1.011013e-01
9.373952e-02
8.601300e-02
7.793509e-02
6.952021e-02
6.078379e-02
5.174220e-02
4.241276e-02
3.281365e-02
2.296390e-02
1.288326e-02
2.592226e-03
-7.888091e-03
-1.853599e-02
-2.932926e-02
-4.024523e-02
-5.126081e-02
-6.235258e-02
-7.349678e-02
-8.466943e-02
-9.584628e-02
-1.070029e-01
-1.181149e-01
-1.291573e-01
-1.401057e-01
-1.509352e-01
-1.616210e-01
-1.721386e-01
-1.824633e-01
-1.925709e-01
-2.024372e-01
-2.120383e-01
-2.213508e-01
-2.303516e-01
-2.390182e-01
-2.473285e-01
-2.552610e-01
-2.627948e-01
-2.699098e-01
-2.765865e-01
-2.828063e-01
-2.885511e-01
-2.938040e-01
-2.985485e-01
-3.027693e-01
-3.064520e-01
-3.095829e-01
-3.121494e-01
-3.141401e-01
-3.155444e-01
-3.163529e-01
-3.165572e-01
-3.161503e-01
-3.151263e-01
-3.134805e-01
-3.112096e-01
-3.083117e-01
-3.047860e-01
-3.006333e-01
-2.958557e-01
-2.904566e-01
-2.844408e-01
-2.778145e-01
-2.705853e-01
-2.627619e-01
-2.543545e-01
-2.453744e-01
-2.358342e-01
-2.257478e-01
-2.151301e-01
-2.039971e-01
-1.923661e-01
-1.802555e-01
-1.676845e-01
-1.546737e-01
-1.412445e-01
-1.274193e-01
-1.132215e-01
-9.867547e-02
-8.380631e-02
-6.864008e-02
-5.320354e-02
-3.752421e-02
-2.163022e-02
-5.550296e-03
1.068634e-02
2.705002e-02
4.351071e-02
6.003806e-02
7.660151e-02
9.317031e-02
1.097136e-01
1.262004e-01
1.425998e-01
1.588808e-01
1.750126e-01
1.909644e-01
2.067055e-01
2.222055e-01
2.374341e-01
2.523615e-01
2.669578e-01
2.811939e-01
2.950410e-01
3.084706e-01
3.214551e-01
3.339674e-01
3.459810e-01
3.574704e-01
3.684109e-01
3.787786e-01
3.885508e-01
3.977056e-01
4.062225e-01
4.140819e-01
4.212654e-01
4.277560e-01
4.335376e-01
4.385956e-01
4.429166e-01
4.464885e-01
4.493003e-01
4.513426e-01
4.526071e-01
4.530868e-01
4.527762e-01
4.516711e-01
4.497688e-01
4.470678e-01
4.435683e-01
4.392718e-01
4.341814e-01
4.283016e-01
4.216384e-01
4.141996e-01
4.059943e-01
3.970332e-01
3.873284e-01
3.768938e-01
3.657444e-01
3.538968e-01
3.413692e-01
3.281808e-01
3.143524e-01
2.999060e-01
2.848646e-01
2.692527e-01
2.530958e-01
2.364202e-01
2.192536e-01
2.016244e-01
1.835620e-01
1.650966e-01
1.462591e-01
1.270813e-01
1.075956e-01
8.783503e-02
6.783322e-02
4.762428e-02
2.724284e-02
6.723898e-03
-1.389715e-02
-3.458461e-02
-5.530252e-02
-7.601472e-02
-9.668488e-02
-1.172766e-01
-1.377533e-01
-1.580787e-01
-1.782163e-01
-1.981298e-01
-2.177831e-01
-2.371406e-01
-2.561667e-01
-2.748265e-01
-2.930852e-01
-3.109091e-01
-3.282649e-01
-3.451199e-01
-3.614425e-01
-3.772018e-01
-3.923680e-01
-4.069123e-01
-4.208070e-01
-4.340257e-01
-4.465430e-01
-4.583350e-01
-4.693789e-01
-4.796535e-01
-4.891387e-01
-4.978161e-01
-5.056684e-01
-5.126801e-01
-5.188370e-01
-5.241263e-01
-5.285371e-01
-5.320596e-01
-5.346859e-01
-5.364096e-01
-5.372260e-01
-5.371318e-01
-5.361257e-01
-5.342080e-01
-5.313805e-01
-5.276470e-01
-5.230128e-01
-5.174848e-01
-5.110719e-01
-5.037844e-01
-4.956342e-01
-4.866349e-01
-4.768016e-01
-4.661508e-01
-4.547006e-01
-4.424703e-01
-4.294808e-01
-4.157540e-01
-4.013134e-01
-3.861835e-01
-3.703899e-01
-3.539597e-01
-3.369207e-01
-3.193021e-01
-3.011340e-01
-2.824473e-01
-2.632742e-01
-2.436476e-01
-2.236012e-01
-2.031696e-01
-1.823880e-01
-1.612922e-01
-1.399188e-01
-1.183046e-01
-9.648687e-02
-7.450323e-02
-5.239148e-02
-3.018956e-02
-7.935491e-03
1.433274e-02
3.657723e-02
5.876021e-02
8.084411e-02
1.027916e-01
1.245657e-01
1.461298e-01
1.674476e-01
1.884833e-01
2.092015e-01
2.295676e-01
2.495472e-01
2.691069e-01
2.882139e-01
3.068361e-01
3.249422e-01
3.425020e-01
3.594861e-01
3.758663e-01
3.916153e-01
4.067072e-01
4.211171e-01
4.348215e-01
4.477983e-01
4.600264e-01
4.714865e-01
4.821605e-01
4.920316e-01
5.010846e-01
5.093057e-01
5.166825e-01
5.232040e-01
5.288607e-01
5.336445e-01
5.375488e-01
5.405683e-01
5.426994e-01
5.439399e-01
5.442888e-01
5.437468e-01
5.423162e-01
5.400006e-01
5.368051e-01
5.327363e-01
5.278024e-01
5.220129e-01
5.153788e-01
5.079126e-01
4.996283e-01
4.905412e-01
4.806679e-01
4.700264e-01
4.586361e-01
4.465177e-01
4.336930e-01
4.201851e-01
4.060183e-01
3.912181e-01
3.758110e-01
3.598247e-01
3.432877e-01
3.262297e-01
3.086811e-01
2.906733e-01
2.722385e-01
2.534095e-01
2.342196e-01
2.147031e-01
1.948942e-01
1.748279e-01
1.545394e-01
1.340639e-01
1.134371e-01
9.269440e-02
7.187147e-02
5.100374e-02
3.012656e-02
9.275069e-03
-1.151583e-02
-3.221153e-02
-5.277778e-02
-7.318069e-02
-9.338682e-02
-1.133632e-01
-1.330774e-01
-1.524975e-01
-1.715922e-01
-1.903311e-01
-2.086843e-01
-2.266228e-01
-2.441185e-01
-2.611441e-01
-2.776735e-01
-2.936815e-01
-3.091439e-01
-3.240380e-01
-3.383420e-01
-3.520354e-01
-3.650990e-01
-3.775148e-01
-3.892661e-01
-4.003376e-01
-4.107150e-01
-4.203856e-01
-4.293379e-01
-4.375615e-01
-4.450476e-01
-4.517883e-01
-4.577773e-01
-4.630094e-01
-4.674807e-01
-4.711885e-01
-4.741317e-01
-4.763101e-01
-4.777251e-01
-4.783792e-01
-4.782764e-01
-4.774218e-01
-4.758220e-01
-4.734848e-01
-4.704192e-01
-4.666355e-01
-4.621451e-01
-4.569608e-01
-4.510962e-01
-4.445663e-01
-4.373867e-01
-4.295744e-01
-4.211471e-01
-4.121235e-01
-4.025229e-01
-3.923657e-01
-3.816728e-01
-3.704659e-01
-3.587675e-01
-3.466005e-01
-3.339887e-01
-3.209561e-01
-3.075276e-01
-2.937285e-01
-2.795843e-01
-2.651214e-01
-2.503661e-01
-2.353454e-01
-2.200864e-01
-2.046164e-01
-1.889629e-01
-1.731537e-01
-1.572163e-01
-1.411784e-01
-1.250677e-01
-1.089116e-01
-9.273739e-02
-7.657206e-02
-6.044234e-02
-4.437459e-02
-2.839472e-02
-1.252821e-02
3.200002e-03
1.876554e-02
3.414464e-02
4.931420e-02
6.425183e-02
7.893586e-02
9.334543e-02
1.074605e-01
1.212618e-01
1.347312e-01
1.478511e-01
1.606052e-01
1.729780e-01
1.849549e-01
1.965224e-01
2.076682e-01
2.183805e-01
2.286491e-01
2.384643e-01
2.478178e-01
2.567020e-01
2.651106e-01
2.730381e-01
2.804799e-01
2.874325e-01
2.938934e-01
2.998607e-01
3.053337e-01
3.103125e-01
3.147980e-01
3.187919e-01
3.222968e-01
3.253160e-01
3.278535e-01
3.299141e-01
3.315032e-01
3.326269e-01
3.332919e-01
3.335055e-01
3.332756e-01
3.326108e-01
3.315199e-01
3.300126e-01
3.280987e-01
3.257889e-01
3.230942e-01
3.200259e-01
3.165958e-01
3.128163e-01
3.086999e-01
3.042596e-01
2.995085e-01
2.944602e-01
2.891282e-01
2.835263e-01
2.776684e-01
2.715684e-01
2.652402e-01
2.586974e-01
2.519538e-01
2.450229e-01
2.379178e-01
2.306517e-01
2.232373e-01
2.156871e-01
2.080132e-01
2.002277e-01
1.923421e-01
1.843680e-01
1.763163e-01
1.681981e-01
1.600238e-01
1.518041e-01
1.435490e-01
1.352685e-01
1.269723e-01
1.186697e-01
1.103700e-01
1.020818e-01
9.381359e-02
8.557338e-02
7.736875e-02
6.920680e-02
6.109417e-02
5.303696e-02
4.504077e-02
3.711066e-02
2.925119e-02
2.146640e-02
1.375987e-02
6.134705e-03
-1.406361e-03
-8.860978e-03
-1.622711e-02
-2.350299e-02
-3.068709e-02
-3.777805e-02
-4.477468e-02
-5.167590e-02
-5.848071e-02
-6.518820e-02
-7.179751e-02
-7.830782e-02
-8.471835e-02
-9.102837e-02
-9.723714e-02
-1.033440e-01
-1.093483e-01
-1.152493e-01
-1.210464e-01
-1.267389e-01
-1.323262e-01
-1.378075e-01
-1.431821e-01
-1.484490e-01
-1.536073e-01
-1.586559e-01
-1.635937e-01
-1.684192e-01
-1.731311e-01
-1.777277e-01
-1.822072e-01
-1.865677e-01
-1.908073e-01
-1.949237e-01
-1.989148e-01
-2.027783e-01
-2.065116e-01
-2.101125e-01
-2.135782e-01
-2.169062e-01
-2.200938e-01
-2.231383e-01
-2.260367e-01
-2.287862e-01
-2.313835e-01
-2.338256e-01
-2.361091e-01
-2.382303e-01
-2.401855e-01
-2.419710e-01
-2.435824e-01
-2.450156e-01
-2.462661e-01
-2.473292e-01
-2.482001e-01
-2.488739e-01
-2.493455e-01
-2.496098e-01
-2.496615e-01
-2.494955e-01
-2.491064e-01
-2.484890e-01
-2.476383e-01
-2.465489e-01
-2.452160e-01
-2.436345e-01
-2.417997e-01
-2.397069e-01
-2.373518e-01
-2.347301e-01
-2.318376e-01
-2.286708e-01
-2.252261e-01
-2.215003e-01
-2.174906e-01
-2.131945e-01
-2.086101e-01
-2.037357e-01
-1.985701e-01
-1.931129e-01
-1.873638e-01
-1.813233e-01
-1.749925e-01
-1.683729e-01
-1.614669e-01
-1.542772e-01
-1.468073e-01
-1.390613e-01
-1.310440e-01
-1.227608e-01
-1.142176e-01
-1.054211e-01
-9.637847e-02
-8.709771e-02
-7.758728e-02
-6.785628e-02
-5.791442e-02
-4.777200e-02
-3.743988e-02
-2.692950e-02
-1.625285e-02
-5.422439e-03
5.548686e-03
1.664700e-02
2.785849e-02
3.916871e-02
5.056274e-02
6.202529e-02
7.354065e-02
8.509275e-02
9.666516e-02
1.082411e-01
1.198035e-01
1.313351e-01
1.428180e-01
1.542344e-01
1.655661e-01
1.767947e-01
1.879016e-01
1.988680e-01
2.096749e-01
2.203033e-01
2.307341e-01
2.409480e-01
2.509259e-01
2.606488e-01
2.700976e-01
2.792535e-01
2.880979e-01
2.966124e-01
3.047790e-01
3.125800e-01
3.199982e-01
3.270167e-01
3.336193e-01
3.397900e-01
3.455137e-01
3.507756e-01
3.555616e-01
3.598584e-01
3.636531e-01
3.669335e-01
3.696884e-01
3.719069e-01
3.735792e-01
3.746961e-01
3.752494e-01
3.752316e-01
3.746362e-01
3.734577e-01
3.716915e-01
3.693340e-01
3.663825e-01
3.628358e-01
3.586934e-01
3.539560e-01
3.486255e-01
3.427049e-01
3.361983e-01
3.291110e-01
3.214494e-01
3.132210e-01
3.044343e-01
2.950993e-01
2.852265e-01
2.748279e-01
2.639164e-01
2.525060e-01
2.406116e-01
2.282492e-01
2.154357e-01
2.021892e-01
1.885285e-01
1.744735e-01
1.600449e-01
1.452642e-01
1.301540e-01
1.147375e-01
9.903876e-02
8.308251e-02
6.689417e-02
5.049982e-02
3.392607e-02
1.720008e-02
3.494843e-04
-1.659769e-02
-3.361304e-02
-5.066783e-02
-6.773310e-02
-8.477965e-02
-1.017781e-01
-1.186990e-01
-1.355128e-01
-1.521900e-01
-1.687010e-01
-1.850163e-01
-2.011067e-01
-2.169429e-01
-2.324963e-01
-2.477382e-01
-2.626404e-01
-2.771753e-01
-2.913157e-01
-3.050348e-01
-3.183068e-01
-3.311064e-01
-3.434091e-01
-3.551913e-01
-3.664303e-01
-3.771041e-01
-3.871921e-01
-3.966744e-01
-4.055323e-01
-4.137481e-01
-4.213052e-01
-4.281884e-01
-4.343833e-01
-4.398769e-01
-4.446572e-01
-4.487135e-01
-4.520363e-01
-4.546172e-01
-4.564491e-01
-4.575263e-01
-4.578441e-01
-4.573991e-01
-4.561893e-01
-4.542141e-01
-4.514740e-01
-4.479710e-01
-4.437084e-01
-4.386910e-01
-4.329248e-01
-4.264174e-01
-4.191779e-01
-4.112165e-01
-4.025451e-01
-3.931771e-01
-3.831269e-01
-3.724107e-01
-3.610459e-01
-3.490511e-01
-3.364463e-01
-3.232527e-01
-3.094926e-01
-2.951896e-01
-2.803680e-01
-2.650534e-01
-2.492721e-01
-2.330512e-01
-2.164187e-01
-1.994032e-01
-1.820339e-01
-1.643406e-01
-1.463534e-01
-1.281032e-01
-1.096209e-01
-9.093808e-02
-7.208633e-02
-5.309768e-02
-3.400432e-02
-1.483865e-02
4.366786e-03
2.357933e-02
4.276624e-02
6.189474e-02
8.093208e-02
9.984557e-02
1.186026e-01
1.371709e-01
1.555183e-01
1.736130e-01
1.914235e-01
2.089191e-01
2.260692e-01
2.428441e-01
2.592148e-01
2.751528e-01
2.906306e-01
3.056216e-01
3.200998e-01
3.340404e-01
3.474196e-01
3.602143e-01
3.724027e-01
3.839640e-01
3.948784e-01
4.051273e-01
4.146930e-01
4.235593e-01
4.317109e-01
4.391338e-01
4.458152e-01
